1.27944952e+00	-1.43376781e-01	1.94589103e+20
1.27944952e+00	-1.38825137e-01	1.94632737e+20
1.27944952e+00	-1.34273493e-01	1.94693980e+20
1.27944952e+00	-1.29721849e-01	1.94771477e+20
1.27944952e+00	-1.25170206e-01	1.94815478e+20
1.27944952e+00	-1.20618562e-01	1.94851456e+20
1.27944952e+00	-1.16066918e-01	1.94864166e+20
1.27944952e+00	-1.11515274e-01	1.94777573e+20
1.27944952e+00	-1.06963630e-01	1.94748587e+20
1.27944952e+00	-1.02411986e-01	1.94722468e+20
1.27944952e+00	-9.78603425e-02	1.94665030e+20
1.27944952e+00	-9.33086987e-02	1.94601192e+20
1.27944952e+00	-8.87570548e-02	1.94449956e+20
1.27944952e+00	-8.42054110e-02	1.94263715e+20
1.27944952e+00	-7.96537672e-02	1.94178668e+20
1.27944952e+00	-7.51021233e-02	1.94292724e+20
1.27944952e+00	-7.05504795e-02	1.94422049e+20
1.27944952e+00	-6.59988356e-02	1.94578266e+20
1.27944952e+00	-6.14471918e-02	1.94786756e+20
1.27944952e+00	-5.68955480e-02	1.94986745e+20
1.27944952e+00	-5.23439041e-02	1.95142694e+20
1.27944952e+00	-4.77922603e-02	1.95203714e+20
1.27944952e+00	-4.32406165e-02	1.95198650e+20
1.27944952e+00	-3.86889726e-02	1.95091500e+20
1.27944952e+00	-3.41373288e-02	1.95038947e+20
1.27944952e+00	-2.95856849e-02	1.95043008e+20
1.27944952e+00	-2.50340411e-02	1.95041122e+20
1.27944952e+00	-2.04823973e-02	1.95039273e+20
1.27944952e+00	-1.59307534e-02	1.95069196e+20
1.27944952e+00	-1.13791096e-02	1.95095251e+20
1.27944952e+00	-6.82746576e-03	1.95121388e+20
1.27944952e+00	-2.27582192e-03	1.95149725e+20
1.27944952e+00	2.27582192e-03	1.95184427e+20
1.27944952e+00	6.82746576e-03	1.95215833e+20
1.27944952e+00	1.13791096e-02	1.95221924e+20
1.27944952e+00	1.59307534e-02	1.95194524e+20
1.27944952e+00	2.04823973e-02	1.95150193e+20
1.27944952e+00	2.50340411e-02	1.95127238e+20
1.27944952e+00	2.95856849e-02	1.95025547e+20
1.27944952e+00	3.41373288e-02	1.94819185e+20
1.27944952e+00	3.86889726e-02	1.94737443e+20
1.27944952e+00	4.32406165e-02	1.94783658e+20
1.27944952e+00	4.77922603e-02	1.94672326e+20
1.27944952e+00	5.23439041e-02	1.94359330e+20
1.27944952e+00	5.68955480e-02	1.93988349e+20
1.27944952e+00	6.14471918e-02	1.93627224e+20
1.27944952e+00	6.59988356e-02	1.93358685e+20
1.27944952e+00	7.05504795e-02	1.93237073e+20
1.27944952e+00	7.51021233e-02	1.93224536e+20
1.27944952e+00	7.96537672e-02	1.93357724e+20
1.27944952e+00	8.42054110e-02	1.93513703e+20
1.27944952e+00	8.87570548e-02	1.93713268e+20
1.27944952e+00	9.33086987e-02	1.93868076e+20
1.27944952e+00	9.78603425e-02	1.93969703e+20
1.27944952e+00	1.02411986e-01	1.94044270e+20
1.27944952e+00	1.06963630e-01	1.94091994e+20
1.27944952e+00	1.11515274e-01	1.94157785e+20
1.27944952e+00	1.16066918e-01	1.94229203e+20
1.27944952e+00	1.20618562e-01	1.94302532e+20
1.27944952e+00	1.25170206e-01	1.94348686e+20
1.27944952e+00	1.29721849e-01	1.94394805e+20
1.27944952e+00	1.34273493e-01	1.94446448e+20
1.27944952e+00	1.38825137e-01	1.94498313e+20
1.27944952e+00	1.43376781e-01	1.94546237e+20
1.28400116e+00	-1.43376781e-01	1.67625799e+20
1.28400116e+00	-1.38825137e-01	1.67777710e+20
1.28400116e+00	-1.34273493e-01	1.67983302e+20
1.28400116e+00	-1.29721849e-01	1.68227966e+20
1.28400116e+00	-1.25170206e-01	1.68311735e+20
1.28400116e+00	-1.20618562e-01	1.68309116e+20
1.28400116e+00	-1.16066918e-01	1.67540206e+20
1.28400116e+00	-1.11515274e-01	1.66047413e+20
1.28400116e+00	-1.06963630e-01	1.65288155e+20
1.28400116e+00	-1.02411986e-01	1.65125182e+20
1.28400116e+00	-9.78603425e-02	1.64888558e+20
1.28400116e+00	-9.33086987e-02	1.64610212e+20
1.28400116e+00	-8.87570548e-02	1.64001242e+20
1.28400116e+00	-8.42054110e-02	1.63309604e+20
1.28400116e+00	-7.96537672e-02	1.63021975e+20
1.28400116e+00	-7.51021233e-02	1.63515407e+20
1.28400116e+00	-7.05504795e-02	1.64045566e+20
1.28400116e+00	-6.59988356e-02	1.64611104e+20
1.28400116e+00	-6.14471918e-02	1.65391946e+20
1.28400116e+00	-5.68955480e-02	1.66098690e+20
1.28400116e+00	-5.23439041e-02	1.66616911e+20
1.28400116e+00	-4.77922603e-02	1.66535064e+20
1.28400116e+00	-4.32406165e-02	1.66030086e+20
1.28400116e+00	-3.86889726e-02	1.65056502e+20
1.28400116e+00	-3.41373288e-02	1.64376683e+20
1.28400116e+00	-2.95856849e-02	1.64008929e+20
1.28400116e+00	-2.50340411e-02	1.63640911e+20
1.28400116e+00	-2.04823973e-02	1.63309644e+20
1.28400116e+00	-1.59307534e-02	1.63001577e+20
1.28400116e+00	-1.13791096e-02	1.62690515e+20
1.28400116e+00	-6.82746576e-03	1.62399087e+20
1.28400116e+00	-2.27582192e-03	1.62245835e+20
1.28400116e+00	2.27582192e-03	1.62141386e+20
1.28400116e+00	6.82746576e-03	1.62182158e+20
1.28400116e+00	1.13791096e-02	1.62188683e+20
1.28400116e+00	1.59307534e-02	1.62221986e+20
1.28400116e+00	2.04823973e-02	1.62266502e+20
1.28400116e+00	2.50340411e-02	1.62394383e+20
1.28400116e+00	2.95856849e-02	1.62417238e+20
1.28400116e+00	3.41373288e-02	1.62283941e+20
1.28400116e+00	3.86889726e-02	1.62421444e+20
1.28400116e+00	4.32406165e-02	1.62869547e+20
1.28400116e+00	4.77922603e-02	1.63171902e+20
1.28400116e+00	5.23439041e-02	1.63400474e+20
1.28400116e+00	5.68955480e-02	1.63800579e+20
1.28400116e+00	6.14471918e-02	1.64141832e+20
1.28400116e+00	6.59988356e-02	1.64365166e+20
1.28400116e+00	7.05504795e-02	1.64369938e+20
1.28400116e+00	7.51021233e-02	1.64578166e+20
1.28400116e+00	7.96537672e-02	1.65020386e+20
1.28400116e+00	8.42054110e-02	1.65503976e+20
1.28400116e+00	8.87570548e-02	1.66053746e+20
1.28400116e+00	9.33086987e-02	1.66459467e+20
1.28400116e+00	9.78603425e-02	1.66686038e+20
1.28400116e+00	1.02411986e-01	1.66827474e+20
1.28400116e+00	1.06963630e-01	1.66861146e+20
1.28400116e+00	1.11515274e-01	1.66936069e+20
1.28400116e+00	1.16066918e-01	1.67013696e+20
1.28400116e+00	1.20618562e-01	1.67107202e+20
1.28400116e+00	1.25170206e-01	1.67145099e+20
1.28400116e+00	1.29721849e-01	1.67184593e+20
1.28400116e+00	1.34273493e-01	1.67272821e+20
1.28400116e+00	1.38825137e-01	1.67370427e+20
1.28400116e+00	1.43376781e-01	1.67499941e+20
1.28855281e+00	-1.43376781e-01	1.60870888e+20
1.28855281e+00	-1.38825137e-01	1.61329871e+20
1.28855281e+00	-1.34273493e-01	1.55236573e+20
1.28855281e+00	-1.29721849e-01	1.46435759e+20
1.28855281e+00	-1.25170206e-01	1.34793270e+20
1.28855281e+00	-1.20618562e-01	1.26510305e+20
1.28855281e+00	-1.16066918e-01	1.28486215e+20
1.28855281e+00	-1.11515274e-01	1.36218059e+20
1.28855281e+00	-1.06963630e-01	1.47990174e+20
1.28855281e+00	-1.02411986e-01	1.59420994e+20
1.28855281e+00	-9.78603425e-02	1.48453640e+20
1.28855281e+00	-9.33086987e-02	1.45002348e+20
1.28855281e+00	-8.87570548e-02	1.50278402e+20
1.28855281e+00	-8.42054110e-02	1.50503152e+20
1.28855281e+00	-7.96537672e-02	1.49064577e+20
1.28855281e+00	-7.51021233e-02	1.49218249e+20
1.28855281e+00	-7.05504795e-02	1.49471478e+20
1.28855281e+00	-6.59988356e-02	1.49377292e+20
1.28855281e+00	-6.14471918e-02	1.49919514e+20
1.28855281e+00	-5.68955480e-02	1.51206884e+20
1.28855281e+00	-5.23439041e-02	1.53513843e+20
1.28855281e+00	-4.77922603e-02	1.54587794e+20
1.28855281e+00	-4.32406165e-02	1.55613025e+20
1.28855281e+00	-3.86889726e-02	1.55825434e+20
1.28855281e+00	-3.41373288e-02	1.55865245e+20
1.28855281e+00	-2.95856849e-02	1.58221278e+20
1.28855281e+00	-2.50340411e-02	1.59849922e+20
1.28855281e+00	-2.04823973e-02	1.62900767e+20
1.28855281e+00	-1.59307534e-02	1.64949916e+20
1.28855281e+00	-1.13791096e-02	1.63332832e+20
1.28855281e+00	-6.82746576e-03	1.60655647e+20
1.28855281e+00	-2.27582192e-03	1.59979467e+20
1.28855281e+00	2.27582192e-03	1.60192054e+20
1.28855281e+00	6.82746576e-03	1.61127323e+20
1.28855281e+00	1.13791096e-02	1.62617396e+20
1.28855281e+00	1.59307534e-02	1.63355460e+20
1.28855281e+00	2.04823973e-02	1.58322066e+20
1.28855281e+00	2.50340411e-02	1.54776582e+20
1.28855281e+00	2.95856849e-02	1.59377852e+20
1.28855281e+00	3.41373288e-02	1.57535249e+20
1.28855281e+00	3.86889726e-02	1.56141475e+20
1.28855281e+00	4.32406165e-02	1.60690211e+20
1.28855281e+00	4.77922603e-02	1.70645027e+20
1.28855281e+00	5.23439041e-02	1.76157682e+20
1.28855281e+00	5.68955480e-02	1.77338922e+20
1.28855281e+00	6.14471918e-02	1.75341628e+20
1.28855281e+00	6.59988356e-02	1.72486711e+20
1.28855281e+00	7.05504795e-02	1.68549369e+20
1.28855281e+00	7.51021233e-02	1.62637532e+20
1.28855281e+00	7.96537672e-02	1.58082566e+20
1.28855281e+00	8.42054110e-02	1.54314184e+20
1.28855281e+00	8.87570548e-02	1.55773021e+20
1.28855281e+00	9.33086987e-02	1.57272558e+20
1.28855281e+00	9.78603425e-02	1.56819865e+20
1.28855281e+00	1.02411986e-01	1.56735051e+20
1.28855281e+00	1.06963630e-01	1.56954401e+20
1.28855281e+00	1.11515274e-01	1.57515747e+20
1.28855281e+00	1.16066918e-01	1.58230956e+20
1.28855281e+00	1.20618562e-01	1.58401800e+20
1.28855281e+00	1.25170206e-01	1.58061544e+20
1.28855281e+00	1.29721849e-01	1.56334644e+20
1.28855281e+00	1.34273493e-01	1.54913193e+20
1.28855281e+00	1.38825137e-01	1.55966607e+20
1.28855281e+00	1.43376781e-01	1.58566264e+20
1.29310445e+00	-1.43376781e-01	1.69065224e+20
1.29310445e+00	-1.38825137e-01	1.60115972e+20
1.29310445e+00	-1.34273493e-01	1.40436106e+20
1.29310445e+00	-1.29721849e-01	1.20166948e+20
1.29310445e+00	-1.25170206e-01	1.08105298e+20
1.29310445e+00	-1.20618562e-01	1.04059143e+20
1.29310445e+00	-1.16066918e-01	1.16237001e+20
1.29310445e+00	-1.11515274e-01	1.36014378e+20
1.29310445e+00	-1.06963630e-01	1.57767958e+20
1.29310445e+00	-1.02411986e-01	1.69831120e+20
1.29310445e+00	-9.78603425e-02	1.53654938e+20
1.29310445e+00	-9.33086987e-02	1.52715576e+20
1.29310445e+00	-8.87570548e-02	1.61134229e+20
1.29310445e+00	-8.42054110e-02	1.62848914e+20
1.29310445e+00	-7.96537672e-02	1.63229515e+20
1.29310445e+00	-7.51021233e-02	1.63822702e+20
1.29310445e+00	-7.05504795e-02	1.64095194e+20
1.29310445e+00	-6.59988356e-02	1.63643252e+20
1.29310445e+00	-6.14471918e-02	1.64190286e+20
1.29310445e+00	-5.68955480e-02	1.66129651e+20
1.29310445e+00	-5.23439041e-02	1.72704378e+20
1.29310445e+00	-4.77922603e-02	1.78738280e+20
1.29310445e+00	-4.32406165e-02	1.80720738e+20
1.29310445e+00	-3.86889726e-02	1.80623058e+20
1.29310445e+00	-3.41373288e-02	1.78344085e+20
1.29310445e+00	-2.95856849e-02	1.79047518e+20
1.29310445e+00	-2.50340411e-02	1.75988678e+20
1.29310445e+00	-2.04823973e-02	1.73177106e+20
1.29310445e+00	-1.59307534e-02	1.66366556e+20
1.29310445e+00	-1.13791096e-02	1.63358357e+20
1.29310445e+00	-6.82746576e-03	1.60899185e+20
1.29310445e+00	-2.27582192e-03	1.57492998e+20
1.29310445e+00	2.27582192e-03	1.60322868e+20
1.29310445e+00	6.82746576e-03	1.66764486e+20
1.29310445e+00	1.13791096e-02	1.76730727e+20
1.29310445e+00	1.59307534e-02	1.76962407e+20
1.29310445e+00	2.04823973e-02	1.69292591e+20
1.29310445e+00	2.50340411e-02	1.66437635e+20
1.29310445e+00	2.95856849e-02	1.69668187e+20
1.29310445e+00	3.41373288e-02	1.65926083e+20
1.29310445e+00	3.86889726e-02	1.65667986e+20
1.29310445e+00	4.32406165e-02	1.70097783e+20
1.29310445e+00	4.77922603e-02	1.78342433e+20
1.29310445e+00	5.23439041e-02	1.83844459e+20
1.29310445e+00	5.68955480e-02	1.77635359e+20
1.29310445e+00	6.14471918e-02	1.74064074e+20
1.29310445e+00	6.59988356e-02	1.75264942e+20
1.29310445e+00	7.05504795e-02	1.81240472e+20
1.29310445e+00	7.51021233e-02	1.84996726e+20
1.29310445e+00	7.96537672e-02	1.86227857e+20
1.29310445e+00	8.42054110e-02	1.77837992e+20
1.29310445e+00	8.87570548e-02	1.74494888e+20
1.29310445e+00	9.33086987e-02	1.71848827e+20
1.29310445e+00	9.78603425e-02	1.69289780e+20
1.29310445e+00	1.02411986e-01	1.68026772e+20
1.29310445e+00	1.06963630e-01	1.66786412e+20
1.29310445e+00	1.11515274e-01	1.65439081e+20
1.29310445e+00	1.16066918e-01	1.64311956e+20
1.29310445e+00	1.20618562e-01	1.64677229e+20
1.29310445e+00	1.25170206e-01	1.66099217e+20
1.29310445e+00	1.29721849e-01	1.66453102e+20
1.29310445e+00	1.34273493e-01	1.66465201e+20
1.29310445e+00	1.38825137e-01	1.69062878e+20
1.29310445e+00	1.43376781e-01	1.72739461e+20
1.29765610e+00	-1.43376781e-01	1.90999837e+20
1.29765610e+00	-1.38825137e-01	1.90945039e+20
1.29765610e+00	-1.34273493e-01	1.46474473e+20
1.29765610e+00	-1.29721849e-01	1.06261666e+20
1.29765610e+00	-1.25170206e-01	9.31950843e+19
1.29765610e+00	-1.20618562e-01	8.95455139e+19
1.29765610e+00	-1.16066918e-01	9.87142736e+19
1.29765610e+00	-1.11515274e-01	1.18654792e+20
1.29765610e+00	-1.06963630e-01	1.43752413e+20
1.29765610e+00	-1.02411986e-01	1.56817725e+20
1.29765610e+00	-9.78603425e-02	1.61233438e+20
1.29765610e+00	-9.33086987e-02	1.60428239e+20
1.29765610e+00	-8.87570548e-02	1.58739991e+20
1.29765610e+00	-8.42054110e-02	1.58512876e+20
1.29765610e+00	-7.96537672e-02	1.60755047e+20
1.29765610e+00	-7.51021233e-02	1.63960143e+20
1.29765610e+00	-7.05504795e-02	1.67054927e+20
1.29765610e+00	-6.59988356e-02	1.70211023e+20
1.29765610e+00	-6.14471918e-02	1.74628331e+20
1.29765610e+00	-5.68955480e-02	1.80801918e+20
1.29765610e+00	-5.23439041e-02	1.88789777e+20
1.29765610e+00	-4.77922603e-02	1.93483721e+20
1.29765610e+00	-4.32406165e-02	1.88703375e+20
1.29765610e+00	-3.86889726e-02	1.83302313e+20
1.29765610e+00	-3.41373288e-02	1.74297523e+20
1.29765610e+00	-2.95856849e-02	1.64172500e+20
1.29765610e+00	-2.50340411e-02	1.51122136e+20
1.29765610e+00	-2.04823973e-02	1.36261584e+20
1.29765610e+00	-1.59307534e-02	1.27555607e+20
1.29765610e+00	-1.13791096e-02	1.29588902e+20
1.29765610e+00	-6.82746576e-03	1.35269074e+20
1.29765610e+00	-2.27582192e-03	1.40680466e+20
1.29765610e+00	2.27582192e-03	1.48738372e+20
1.29765610e+00	6.82746576e-03	1.57679305e+20
1.29765610e+00	1.13791096e-02	1.73979538e+20
1.29765610e+00	1.59307534e-02	1.82274322e+20
1.29765610e+00	2.04823973e-02	1.82984259e+20
1.29765610e+00	2.50340411e-02	1.82718946e+20
1.29765610e+00	2.95856849e-02	1.86357904e+20
1.29765610e+00	3.41373288e-02	1.85324166e+20
1.29765610e+00	3.86889726e-02	1.80574136e+20
1.29765610e+00	4.32406165e-02	1.76778700e+20
1.29765610e+00	4.77922603e-02	1.80249636e+20
1.29765610e+00	5.23439041e-02	1.90696483e+20
1.29765610e+00	5.68955480e-02	1.76312074e+20
1.29765610e+00	6.14471918e-02	1.52363124e+20
1.29765610e+00	6.59988356e-02	1.32514066e+20
1.29765610e+00	7.05504795e-02	1.37692126e+20
1.29765610e+00	7.51021233e-02	1.47438583e+20
1.29765610e+00	7.96537672e-02	1.59092842e+20
1.29765610e+00	8.42054110e-02	1.71617796e+20
1.29765610e+00	8.87570548e-02	1.81982851e+20
1.29765610e+00	9.33086987e-02	1.91404840e+20
1.29765610e+00	9.78603425e-02	1.91564767e+20
1.29765610e+00	1.02411986e-01	1.91916635e+20
1.29765610e+00	1.06963630e-01	1.87508498e+20
1.29765610e+00	1.11515274e-01	1.82744428e+20
1.29765610e+00	1.16066918e-01	1.79008011e+20
1.29765610e+00	1.20618562e-01	1.76332314e+20
1.29765610e+00	1.25170206e-01	1.74592042e+20
1.29765610e+00	1.29721849e-01	1.74291465e+20
1.29765610e+00	1.34273493e-01	1.75214426e+20
1.29765610e+00	1.38825137e-01	1.79375167e+20
1.29765610e+00	1.43376781e-01	1.84919961e+20
1.30220774e+00	-1.43376781e-01	1.92834838e+20
1.30220774e+00	-1.38825137e-01	1.99548723e+20
1.30220774e+00	-1.34273493e-01	1.45339709e+20
1.30220774e+00	-1.29721849e-01	9.24534968e+19
1.30220774e+00	-1.25170206e-01	7.76568722e+19
1.30220774e+00	-1.20618562e-01	7.75012377e+19
1.30220774e+00	-1.16066918e-01	8.47498583e+19
1.30220774e+00	-1.11515274e-01	9.90175708e+19
1.30220774e+00	-1.06963630e-01	1.19664973e+20
1.30220774e+00	-1.02411986e-01	1.35452557e+20
1.30220774e+00	-9.78603425e-02	1.43033814e+20
1.30220774e+00	-9.33086987e-02	1.38995335e+20
1.30220774e+00	-8.87570548e-02	1.37022915e+20
1.30220774e+00	-8.42054110e-02	1.40897334e+20
1.30220774e+00	-7.96537672e-02	1.48398895e+20
1.30220774e+00	-7.51021233e-02	1.55801879e+20
1.30220774e+00	-7.05504795e-02	1.61037386e+20
1.30220774e+00	-6.59988356e-02	1.65756959e+20
1.30220774e+00	-6.14471918e-02	1.72150852e+20
1.30220774e+00	-5.68955480e-02	1.80628696e+20
1.30220774e+00	-5.23439041e-02	1.79660080e+20
1.30220774e+00	-4.77922603e-02	1.69469088e+20
1.30220774e+00	-4.32406165e-02	1.56606031e+20
1.30220774e+00	-3.86889726e-02	1.51099713e+20
1.30220774e+00	-3.41373288e-02	1.41838224e+20
1.30220774e+00	-2.95856849e-02	1.25147985e+20
1.30220774e+00	-2.50340411e-02	1.07313569e+20
1.30220774e+00	-2.04823973e-02	9.71209384e+19
1.30220774e+00	-1.59307534e-02	9.89621773e+19
1.30220774e+00	-1.13791096e-02	1.04685472e+20
1.30220774e+00	-6.82746576e-03	1.15225000e+20
1.30220774e+00	-2.27582192e-03	1.28277086e+20
1.30220774e+00	2.27582192e-03	1.43819044e+20
1.30220774e+00	6.82746576e-03	1.59437067e+20
1.30220774e+00	1.13791096e-02	1.62925502e+20
1.30220774e+00	1.59307534e-02	1.68456488e+20
1.30220774e+00	2.04823973e-02	1.78052965e+20
1.30220774e+00	2.50340411e-02	1.82054668e+20
1.30220774e+00	2.95856849e-02	1.84948682e+20
1.30220774e+00	3.41373288e-02	1.84525783e+20
1.30220774e+00	3.86889726e-02	1.80837569e+20
1.30220774e+00	4.32406165e-02	1.75647288e+20
1.30220774e+00	4.77922603e-02	1.77447485e+20
1.30220774e+00	5.23439041e-02	1.86306354e+20
1.30220774e+00	5.68955480e-02	1.60968642e+20
1.30220774e+00	6.14471918e-02	1.18769875e+20
1.30220774e+00	6.59988356e-02	9.24866579e+19
1.30220774e+00	7.05504795e-02	9.06315623e+19
1.30220774e+00	7.51021233e-02	9.22952744e+19
1.30220774e+00	7.96537672e-02	9.59165994e+19
1.30220774e+00	8.42054110e-02	1.09201889e+20
1.30220774e+00	8.87570548e-02	1.27192778e+20
1.30220774e+00	9.33086987e-02	1.51981655e+20
1.30220774e+00	9.78603425e-02	1.59146907e+20
1.30220774e+00	1.02411986e-01	1.74809986e+20
1.30220774e+00	1.06963630e-01	1.67644287e+20
1.30220774e+00	1.11515274e-01	1.63530478e+20
1.30220774e+00	1.16066918e-01	1.63177207e+20
1.30220774e+00	1.20618562e-01	1.67132033e+20
1.30220774e+00	1.25170206e-01	1.65989191e+20
1.30220774e+00	1.29721849e-01	1.69575974e+20
1.30220774e+00	1.34273493e-01	1.72900167e+20
1.30220774e+00	1.38825137e-01	1.78092138e+20
1.30220774e+00	1.43376781e-01	1.83850428e+20
1.30675938e+00	-1.43376781e-01	1.52244697e+20
1.30675938e+00	-1.38825137e-01	1.32549046e+20
1.30675938e+00	-1.34273493e-01	1.07908751e+20
1.30675938e+00	-1.29721849e-01	7.17592173e+19
1.30675938e+00	-1.25170206e-01	6.75121034e+19
1.30675938e+00	-1.20618562e-01	6.79746233e+19
1.30675938e+00	-1.16066918e-01	7.50739877e+19
1.30675938e+00	-1.11515274e-01	8.74126590e+19
1.30675938e+00	-1.06963630e-01	1.02739937e+20
1.30675938e+00	-1.02411986e-01	1.13775038e+20
1.30675938e+00	-9.78603425e-02	1.20448013e+20
1.30675938e+00	-9.33086987e-02	1.23198549e+20
1.30675938e+00	-8.87570548e-02	1.29525028e+20
1.30675938e+00	-8.42054110e-02	1.36568981e+20
1.30675938e+00	-7.96537672e-02	1.42547901e+20
1.30675938e+00	-7.51021233e-02	1.48153271e+20
1.30675938e+00	-7.05504795e-02	1.55077560e+20
1.30675938e+00	-6.59988356e-02	1.65355717e+20
1.30675938e+00	-6.14471918e-02	1.73956585e+20
1.30675938e+00	-5.68955480e-02	1.75959019e+20
1.30675938e+00	-5.23439041e-02	1.51476074e+20
1.30675938e+00	-4.77922603e-02	1.20557383e+20
1.30675938e+00	-4.32406165e-02	1.04506580e+20
1.30675938e+00	-3.86889726e-02	9.74762116e+19
1.30675938e+00	-3.41373288e-02	9.13044348e+19
1.30675938e+00	-2.95856849e-02	8.23958159e+19
1.30675938e+00	-2.50340411e-02	7.50328181e+19
1.30675938e+00	-2.04823973e-02	7.25032323e+19
1.30675938e+00	-1.59307534e-02	7.64568603e+19
1.30675938e+00	-1.13791096e-02	8.18604523e+19
1.30675938e+00	-6.82746576e-03	9.18234945e+19
1.30675938e+00	-2.27582192e-03	1.05226912e+20
1.30675938e+00	2.27582192e-03	1.22603574e+20
1.30675938e+00	6.82746576e-03	1.41328002e+20
1.30675938e+00	1.13791096e-02	1.56942242e+20
1.30675938e+00	1.59307534e-02	1.64602738e+20
1.30675938e+00	2.04823973e-02	1.70081788e+20
1.30675938e+00	2.50340411e-02	1.73189915e+20
1.30675938e+00	2.95856849e-02	1.74967885e+20
1.30675938e+00	3.41373288e-02	1.75873078e+20
1.30675938e+00	3.86889726e-02	1.75144730e+20
1.30675938e+00	4.32406165e-02	1.72035830e+20
1.30675938e+00	4.77922603e-02	1.63685708e+20
1.30675938e+00	5.23439041e-02	1.50021385e+20
1.30675938e+00	5.68955480e-02	1.23852084e+20
1.30675938e+00	6.14471918e-02	9.26791193e+19
1.30675938e+00	6.59988356e-02	8.99825964e+19
1.30675938e+00	7.05504795e-02	8.75063821e+19
1.30675938e+00	7.51021233e-02	8.27784181e+19
1.30675938e+00	7.96537672e-02	7.98548823e+19
1.30675938e+00	8.42054110e-02	8.58448444e+19
1.30675938e+00	8.87570548e-02	9.86104448e+19
1.30675938e+00	9.33086987e-02	1.13634357e+20
1.30675938e+00	9.78603425e-02	1.23616569e+20
1.30675938e+00	1.02411986e-01	1.31489659e+20
1.30675938e+00	1.06963630e-01	1.33900521e+20
1.30675938e+00	1.11515274e-01	1.40258368e+20
1.30675938e+00	1.16066918e-01	1.46937364e+20
1.30675938e+00	1.20618562e-01	1.53772260e+20
1.30675938e+00	1.25170206e-01	1.60608119e+20
1.30675938e+00	1.29721849e-01	1.75938567e+20
1.30675938e+00	1.34273493e-01	1.92449345e+20
1.30675938e+00	1.38825137e-01	1.93639222e+20
1.30675938e+00	1.43376781e-01	1.78627946e+20
1.31131103e+00	-1.43376781e-01	9.84991823e+19
1.31131103e+00	-1.38825137e-01	7.45891223e+19
1.31131103e+00	-1.34273493e-01	6.47780970e+19
1.31131103e+00	-1.29721849e-01	5.89241565e+19
1.31131103e+00	-1.25170206e-01	5.98309198e+19
1.31131103e+00	-1.20618562e-01	5.96314691e+19
1.31131103e+00	-1.16066918e-01	6.26934275e+19
1.31131103e+00	-1.11515274e-01	6.91963356e+19
1.31131103e+00	-1.06963630e-01	7.86724259e+19
1.31131103e+00	-1.02411986e-01	8.42414837e+19
1.31131103e+00	-9.78603425e-02	8.82075341e+19
1.31131103e+00	-9.33086987e-02	8.98746131e+19
1.31131103e+00	-8.87570548e-02	9.23073207e+19
1.31131103e+00	-8.42054110e-02	9.67653100e+19
1.31131103e+00	-7.96537672e-02	1.02171118e+20
1.31131103e+00	-7.51021233e-02	1.08650565e+20
1.31131103e+00	-7.05504795e-02	1.21628810e+20
1.31131103e+00	-6.59988356e-02	1.42680584e+20
1.31131103e+00	-6.14471918e-02	1.60683900e+20
1.31131103e+00	-5.68955480e-02	1.62327783e+20
1.31131103e+00	-5.23439041e-02	1.29255296e+20
1.31131103e+00	-4.77922603e-02	9.47456702e+19
1.31131103e+00	-4.32406165e-02	7.93038109e+19
1.31131103e+00	-3.86889726e-02	6.93664281e+19
1.31131103e+00	-3.41373288e-02	6.21554752e+19
1.31131103e+00	-2.95856849e-02	5.65826252e+19
1.31131103e+00	-2.50340411e-02	5.34745040e+19
1.31131103e+00	-2.04823973e-02	5.41009851e+19
1.31131103e+00	-1.59307534e-02	5.57346298e+19
1.31131103e+00	-1.13791096e-02	5.81317141e+19
1.31131103e+00	-6.82746576e-03	6.27767032e+19
1.31131103e+00	-2.27582192e-03	6.89834757e+19
1.31131103e+00	2.27582192e-03	7.97195172e+19
1.31131103e+00	6.82746576e-03	9.24399056e+19
1.31131103e+00	1.13791096e-02	1.07920845e+20
1.31131103e+00	1.59307534e-02	1.20553501e+20
1.31131103e+00	2.04823973e-02	1.32664609e+20
1.31131103e+00	2.50340411e-02	1.39070867e+20
1.31131103e+00	2.95856849e-02	1.44273468e+20
1.31131103e+00	3.41373288e-02	1.48961132e+20
1.31131103e+00	3.86889726e-02	1.48919829e+20
1.31131103e+00	4.32406165e-02	1.40697942e+20
1.31131103e+00	4.77922603e-02	1.24554508e+20
1.31131103e+00	5.23439041e-02	1.00576507e+20
1.31131103e+00	5.68955480e-02	8.41809106e+19
1.31131103e+00	6.14471918e-02	7.73298668e+19
1.31131103e+00	6.59988356e-02	7.74398589e+19
1.31131103e+00	7.05504795e-02	8.01878336e+19
1.31131103e+00	7.51021233e-02	7.78440033e+19
1.31131103e+00	7.96537672e-02	7.47741864e+19
1.31131103e+00	8.42054110e-02	7.40654557e+19
1.31131103e+00	8.87570548e-02	7.86130522e+19
1.31131103e+00	9.33086987e-02	8.89598476e+19
1.31131103e+00	9.78603425e-02	9.77984899e+19
1.31131103e+00	1.02411986e-01	1.07240243e+20
1.31131103e+00	1.06963630e-01	1.15137791e+20
1.31131103e+00	1.11515274e-01	1.25269499e+20
1.31131103e+00	1.16066918e-01	1.35510764e+20
1.31131103e+00	1.20618562e-01	1.47461195e+20
1.31131103e+00	1.25170206e-01	1.58181022e+20
1.31131103e+00	1.29721849e-01	1.69524626e+20
1.31131103e+00	1.34273493e-01	1.81212857e+20
1.31131103e+00	1.38825137e-01	1.68195410e+20
1.31131103e+00	1.43376781e-01	1.35304064e+20
1.31586267e+00	-1.43376781e-01	6.88795509e+19
1.31586267e+00	-1.38825137e-01	5.66440778e+19
1.31586267e+00	-1.34273493e-01	6.13420384e+19
1.31586267e+00	-1.29721849e-01	5.86155954e+19
1.31586267e+00	-1.25170206e-01	6.05512818e+19
1.31586267e+00	-1.20618562e-01	6.09308769e+19
1.31586267e+00	-1.16066918e-01	6.04536068e+19
1.31586267e+00	-1.11515274e-01	6.01786939e+19
1.31586267e+00	-1.06963630e-01	6.09135443e+19
1.31586267e+00	-1.02411986e-01	6.16772469e+19
1.31586267e+00	-9.78603425e-02	6.25524014e+19
1.31586267e+00	-9.33086987e-02	6.27626474e+19
1.31586267e+00	-8.87570548e-02	6.32264194e+19
1.31586267e+00	-8.42054110e-02	6.49932529e+19
1.31586267e+00	-7.96537672e-02	6.97277444e+19
1.31586267e+00	-7.51021233e-02	7.61352992e+19
1.31586267e+00	-7.05504795e-02	8.99348074e+19
1.31586267e+00	-6.59988356e-02	1.09072376e+20
1.31586267e+00	-6.14471918e-02	1.30913433e+20
1.31586267e+00	-5.68955480e-02	1.44236859e+20
1.31586267e+00	-5.23439041e-02	1.29640845e+20
1.31586267e+00	-4.77922603e-02	1.05249226e+20
1.31586267e+00	-4.32406165e-02	9.47605034e+19
1.31586267e+00	-3.86889726e-02	8.05968762e+19
1.31586267e+00	-3.41373288e-02	9.32209604e+19
1.31586267e+00	-2.95856849e-02	1.01317032e+20
1.31586267e+00	-2.50340411e-02	5.92489749e+19
1.31586267e+00	-2.04823973e-02	6.05164276e+19
1.31586267e+00	-1.59307534e-02	6.11309963e+19
1.31586267e+00	-1.13791096e-02	6.25125241e+19
1.31586267e+00	-6.82746576e-03	6.37601118e+19
1.31586267e+00	-2.27582192e-03	6.47623288e+19
1.31586267e+00	2.27582192e-03	6.93827430e+19
1.31586267e+00	6.82746576e-03	7.56671903e+19
1.31586267e+00	1.13791096e-02	8.44419284e+19
1.31586267e+00	1.59307534e-02	9.28288935e+19
1.31586267e+00	2.04823973e-02	9.99404329e+19
1.31586267e+00	2.50340411e-02	1.04764774e+20
1.31586267e+00	2.95856849e-02	1.08224308e+20
1.31586267e+00	3.41373288e-02	1.10368439e+20
1.31586267e+00	3.86889726e-02	1.06332322e+20
1.31586267e+00	4.32406165e-02	9.68240554e+19
1.31586267e+00	4.77922603e-02	8.34483463e+19
1.31586267e+00	5.23439041e-02	6.60213058e+19
1.31586267e+00	5.68955480e-02	6.33827376e+19
1.31586267e+00	6.14471918e-02	6.55638111e+19
1.31586267e+00	6.59988356e-02	6.87994688e+19
1.31586267e+00	7.05504795e-02	7.35746865e+19
1.31586267e+00	7.51021233e-02	7.64206291e+19
1.31586267e+00	7.96537672e-02	7.80229755e+19
1.31586267e+00	8.42054110e-02	7.69552318e+19
1.31586267e+00	8.87570548e-02	7.72664555e+19
1.31586267e+00	9.33086987e-02	8.19021775e+19
1.31586267e+00	9.78603425e-02	8.77658130e+19
1.31586267e+00	1.02411986e-01	9.66510982e+19
1.31586267e+00	1.06963630e-01	1.05062488e+20
1.31586267e+00	1.11515274e-01	1.16514188e+20
1.31586267e+00	1.16066918e-01	1.28881567e+20
1.31586267e+00	1.20618562e-01	1.45880420e+20
1.31586267e+00	1.25170206e-01	1.59507636e+20
1.31586267e+00	1.29721849e-01	1.57723409e+20
1.31586267e+00	1.34273493e-01	1.52455605e+20
1.31586267e+00	1.38825137e-01	1.28634924e+20
1.31586267e+00	1.43376781e-01	9.54940027e+19
1.32041432e+00	-1.43376781e-01	7.31164859e+19
1.32041432e+00	-1.38825137e-01	6.88300609e+19
1.32041432e+00	-1.34273493e-01	6.25528039e+19
1.32041432e+00	-1.29721849e-01	5.79286500e+19
1.32041432e+00	-1.25170206e-01	6.08065818e+19
1.32041432e+00	-1.20618562e-01	6.17357688e+19
1.32041432e+00	-1.16066918e-01	6.13772525e+19
1.32041432e+00	-1.11515274e-01	6.08269330e+19
1.32041432e+00	-1.06963630e-01	6.05284652e+19
1.32041432e+00	-1.02411986e-01	6.03996666e+19
1.32041432e+00	-9.78603425e-02	6.04058501e+19
1.32041432e+00	-9.33086987e-02	6.05559161e+19
1.32041432e+00	-8.87570548e-02	6.10560321e+19
1.32041432e+00	-8.42054110e-02	6.15646408e+19
1.32041432e+00	-7.96537672e-02	6.36326398e+19
1.32041432e+00	-7.51021233e-02	6.63177260e+19
1.32041432e+00	-7.05504795e-02	7.15086320e+19
1.32041432e+00	-6.59988356e-02	7.70997659e+19
1.32041432e+00	-6.14471918e-02	8.94992485e+19
1.32041432e+00	-5.68955480e-02	1.06289980e+20
1.32041432e+00	-5.23439041e-02	1.25798621e+20
1.32041432e+00	-4.77922603e-02	1.32940174e+20
1.32041432e+00	-4.32406165e-02	1.35168999e+20
1.32041432e+00	-3.86889726e-02	1.29579187e+20
1.32041432e+00	-3.41373288e-02	1.27337512e+20
1.32041432e+00	-2.95856849e-02	1.12615627e+20
1.32041432e+00	-2.50340411e-02	6.77158759e+19
1.32041432e+00	-2.04823973e-02	6.46718821e+19
1.32041432e+00	-1.59307534e-02	6.42734535e+19
1.32041432e+00	-1.13791096e-02	6.51227087e+19
1.32041432e+00	-6.82746576e-03	6.54940942e+19
1.32041432e+00	-2.27582192e-03	6.47159410e+19
1.32041432e+00	2.27582192e-03	6.44056698e+19
1.32041432e+00	6.82746576e-03	6.52663853e+19
1.32041432e+00	1.13791096e-02	6.79683199e+19
1.32041432e+00	1.59307534e-02	7.10025566e+19
1.32041432e+00	2.04823973e-02	7.44345123e+19
1.32041432e+00	2.50340411e-02	7.69544210e+19
1.32041432e+00	2.95856849e-02	7.66064118e+19
1.32041432e+00	3.41373288e-02	7.26812148e+19
1.32041432e+00	3.86889726e-02	6.82217151e+19
1.32041432e+00	4.32406165e-02	6.44921136e+19
1.32041432e+00	4.77922603e-02	6.20904315e+19
1.32041432e+00	5.23439041e-02	6.05124231e+19
1.32041432e+00	5.68955480e-02	6.14252364e+19
1.32041432e+00	6.14471918e-02	6.14816233e+19
1.32041432e+00	6.59988356e-02	6.42232879e+19
1.32041432e+00	7.05504795e-02	6.78128320e+19
1.32041432e+00	7.51021233e-02	7.26604592e+19
1.32041432e+00	7.96537672e-02	7.70268937e+19
1.32041432e+00	8.42054110e-02	7.68480266e+19
1.32041432e+00	8.87570548e-02	7.50307460e+19
1.32041432e+00	9.33086987e-02	7.47278241e+19
1.32041432e+00	9.78603425e-02	7.69389589e+19
1.32041432e+00	1.02411986e-01	8.64661201e+19
1.32041432e+00	1.06963630e-01	9.72299645e+19
1.32041432e+00	1.11515274e-01	1.11220510e+20
1.32041432e+00	1.16066918e-01	1.24779766e+20
1.32041432e+00	1.20618562e-01	1.45527757e+20
1.32041432e+00	1.25170206e-01	1.61544891e+20
1.32041432e+00	1.29721849e-01	1.44974332e+20
1.32041432e+00	1.34273493e-01	1.18137396e+20
1.32041432e+00	1.38825137e-01	9.31704967e+19
1.32041432e+00	1.43376781e-01	7.74899152e+19
1.32496596e+00	-1.43376781e-01	8.10910093e+19
1.32496596e+00	-1.38825137e-01	7.42627170e+19
1.32496596e+00	-1.34273493e-01	6.32070014e+19
1.32496596e+00	-1.29721849e-01	5.97494032e+19
1.32496596e+00	-1.25170206e-01	6.11209161e+19
1.32496596e+00	-1.20618562e-01	6.18208676e+19
1.32496596e+00	-1.16066918e-01	6.23983548e+19
1.32496596e+00	-1.11515274e-01	6.24866480e+19
1.32496596e+00	-1.06963630e-01	6.22766340e+19
1.32496596e+00	-1.02411986e-01	6.22073419e+19
1.32496596e+00	-9.78603425e-02	6.21030493e+19
1.32496596e+00	-9.33086987e-02	6.20432626e+19
1.32496596e+00	-8.87570548e-02	6.18840345e+19
1.32496596e+00	-8.42054110e-02	6.16544256e+19
1.32496596e+00	-7.96537672e-02	6.18345906e+19
1.32496596e+00	-7.51021233e-02	6.21566313e+19
1.32496596e+00	-7.05504795e-02	6.30794686e+19
1.32496596e+00	-6.59988356e-02	6.37867840e+19
1.32496596e+00	-6.14471918e-02	6.76150649e+19
1.32496596e+00	-5.68955480e-02	7.79185320e+19
1.32496596e+00	-5.23439041e-02	1.02290738e+20
1.32496596e+00	-4.77922603e-02	1.28936572e+20
1.32496596e+00	-4.32406165e-02	1.50058558e+20
1.32496596e+00	-3.86889726e-02	1.61978709e+20
1.32496596e+00	-3.41373288e-02	1.44658485e+20
1.32496596e+00	-2.95856849e-02	1.07860253e+20
1.32496596e+00	-2.50340411e-02	7.39913434e+19
1.32496596e+00	-2.04823973e-02	6.84696953e+19
1.32496596e+00	-1.59307534e-02	6.55497694e+19
1.32496596e+00	-1.13791096e-02	6.40383504e+19
1.32496596e+00	-6.82746576e-03	6.57024232e+19
1.32496596e+00	-2.27582192e-03	6.66288442e+19
1.32496596e+00	2.27582192e-03	6.76638856e+19
1.32496596e+00	6.82746576e-03	6.79300814e+19
1.32496596e+00	1.13791096e-02	6.60651867e+19
1.32496596e+00	1.59307534e-02	6.36203590e+19
1.32496596e+00	2.04823973e-02	6.09451918e+19
1.32496596e+00	2.50340411e-02	5.89489425e+19
1.32496596e+00	2.95856849e-02	5.73658804e+19
1.32496596e+00	3.41373288e-02	5.48832306e+19
1.32496596e+00	3.86889726e-02	5.77729367e+19
1.32496596e+00	4.32406165e-02	6.13667462e+19
1.32496596e+00	4.77922603e-02	6.87281261e+19
1.32496596e+00	5.23439041e-02	6.80668737e+19
1.32496596e+00	5.68955480e-02	6.52942235e+19
1.32496596e+00	6.14471918e-02	6.27223328e+19
1.32496596e+00	6.59988356e-02	6.28519502e+19
1.32496596e+00	7.05504795e-02	6.40665618e+19
1.32496596e+00	7.51021233e-02	6.80219600e+19
1.32496596e+00	7.96537672e-02	7.28789469e+19
1.32496596e+00	8.42054110e-02	7.54135730e+19
1.32496596e+00	8.87570548e-02	7.48677099e+19
1.32496596e+00	9.33086987e-02	6.97027005e+19
1.32496596e+00	9.78603425e-02	6.69629222e+19
1.32496596e+00	1.02411986e-01	7.46480844e+19
1.32496596e+00	1.06963630e-01	8.59266044e+19
1.32496596e+00	1.11515274e-01	1.05176828e+20
1.32496596e+00	1.16066918e-01	1.23577517e+20
1.32496596e+00	1.20618562e-01	1.46813404e+20
1.32496596e+00	1.25170206e-01	1.62719097e+20
1.32496596e+00	1.29721849e-01	1.42091724e+20
1.32496596e+00	1.34273493e-01	1.12760078e+20
1.32496596e+00	1.38825137e-01	8.84482313e+19
1.32496596e+00	1.43376781e-01	6.85697440e+19
1.32951760e+00	-1.43376781e-01	8.80287590e+19
1.32951760e+00	-1.38825137e-01	7.07483287e+19
1.32951760e+00	-1.34273493e-01	6.47626571e+19
1.32951760e+00	-1.29721849e-01	6.24903267e+19
1.32951760e+00	-1.25170206e-01	6.17767169e+19
1.32951760e+00	-1.20618562e-01	6.17810451e+19
1.32951760e+00	-1.16066918e-01	6.29543969e+19
1.32951760e+00	-1.11515274e-01	6.32277314e+19
1.32951760e+00	-1.06963630e-01	6.30379074e+19
1.32951760e+00	-1.02411986e-01	6.30021375e+19
1.32951760e+00	-9.78603425e-02	6.27957658e+19
1.32951760e+00	-9.33086987e-02	6.25245377e+19
1.32951760e+00	-8.87570548e-02	6.20103825e+19
1.32951760e+00	-8.42054110e-02	6.14816590e+19
1.32951760e+00	-7.96537672e-02	6.14570641e+19
1.32951760e+00	-7.51021233e-02	6.18245302e+19
1.32951760e+00	-7.05504795e-02	6.32980711e+19
1.32951760e+00	-6.59988356e-02	6.41163765e+19
1.32951760e+00	-6.14471918e-02	6.60877802e+19
1.32951760e+00	-5.68955480e-02	7.30138209e+19
1.32951760e+00	-5.23439041e-02	9.07184913e+19
1.32951760e+00	-4.77922603e-02	1.13482460e+20
1.32951760e+00	-4.32406165e-02	1.38990376e+20
1.32951760e+00	-3.86889726e-02	1.58323750e+20
1.32951760e+00	-3.41373288e-02	1.42443469e+20
1.32951760e+00	-2.95856849e-02	1.04610761e+20
1.32951760e+00	-2.50340411e-02	8.09088143e+19
1.32951760e+00	-2.04823973e-02	7.30678142e+19
1.32951760e+00	-1.59307534e-02	6.77133848e+19
1.32951760e+00	-1.13791096e-02	6.31978674e+19
1.32951760e+00	-6.82746576e-03	6.47385782e+19
1.32951760e+00	-2.27582192e-03	6.53010787e+19
1.32951760e+00	2.27582192e-03	6.62936144e+19
1.32951760e+00	6.82746576e-03	6.68073376e+19
1.32951760e+00	1.13791096e-02	6.70221103e+19
1.32951760e+00	1.59307534e-02	6.68295937e+19
1.32951760e+00	2.04823973e-02	6.59867039e+19
1.32951760e+00	2.50340411e-02	6.50095759e+19
1.32951760e+00	2.95856849e-02	6.45895054e+19
1.32951760e+00	3.41373288e-02	6.53854202e+19
1.32951760e+00	3.86889726e-02	6.69796910e+19
1.32951760e+00	4.32406165e-02	6.72378978e+19
1.32951760e+00	4.77922603e-02	6.75343580e+19
1.32951760e+00	5.23439041e-02	6.89720974e+19
1.32951760e+00	5.68955480e-02	6.70389564e+19
1.32951760e+00	6.14471918e-02	6.44051746e+19
1.32951760e+00	6.59988356e-02	6.24058127e+19
1.32951760e+00	7.05504795e-02	6.12866862e+19
1.32951760e+00	7.51021233e-02	6.36591409e+19
1.32951760e+00	7.96537672e-02	6.78632540e+19
1.32951760e+00	8.42054110e-02	7.34358805e+19
1.32951760e+00	8.87570548e-02	7.59481081e+19
1.32951760e+00	9.33086987e-02	6.86081532e+19
1.32951760e+00	9.78603425e-02	6.22503746e+19
1.32951760e+00	1.02411986e-01	6.77283878e+19
1.32951760e+00	1.06963630e-01	7.94824939e+19
1.32951760e+00	1.11515274e-01	1.03779555e+20
1.32951760e+00	1.16066918e-01	1.24223908e+20
1.32951760e+00	1.20618562e-01	1.41344108e+20
1.32951760e+00	1.25170206e-01	1.57238167e+20
1.32951760e+00	1.29721849e-01	1.50863381e+20
1.32951760e+00	1.34273493e-01	1.40213026e+20
1.32951760e+00	1.38825137e-01	1.13923276e+20
1.32951760e+00	1.43376781e-01	9.07691549e+19
1.33406925e+00	-1.43376781e-01	9.36473810e+19
1.33406925e+00	-1.38825137e-01	6.93235245e+19
1.33406925e+00	-1.34273493e-01	6.93567443e+19
1.33406925e+00	-1.29721849e-01	6.48388441e+19
1.33406925e+00	-1.25170206e-01	6.36130423e+19
1.33406925e+00	-1.20618562e-01	6.26792466e+19
1.33406925e+00	-1.16066918e-01	6.39848368e+19
1.33406925e+00	-1.11515274e-01	6.43741566e+19
1.33406925e+00	-1.06963630e-01	6.35990404e+19
1.33406925e+00	-1.02411986e-01	6.30765487e+19
1.33406925e+00	-9.78603425e-02	6.29296343e+19
1.33406925e+00	-9.33086987e-02	6.28819643e+19
1.33406925e+00	-8.87570548e-02	6.26167660e+19
1.33406925e+00	-8.42054110e-02	6.19752713e+19
1.33406925e+00	-7.96537672e-02	6.14728126e+19
1.33406925e+00	-7.51021233e-02	6.10762334e+19
1.33406925e+00	-7.05504795e-02	6.49427424e+19
1.33406925e+00	-6.59988356e-02	6.84801825e+19
1.33406925e+00	-6.14471918e-02	6.72361156e+19
1.33406925e+00	-5.68955480e-02	6.96336776e+19
1.33406925e+00	-5.23439041e-02	7.75406059e+19
1.33406925e+00	-4.77922603e-02	9.43437390e+19
1.33406925e+00	-4.32406165e-02	1.21485944e+20
1.33406925e+00	-3.86889726e-02	1.50054370e+20
1.33406925e+00	-3.41373288e-02	1.46756515e+20
1.33406925e+00	-2.95856849e-02	1.19713785e+20
1.33406925e+00	-2.50340411e-02	9.14108271e+19
1.33406925e+00	-2.04823973e-02	8.28281516e+19
1.33406925e+00	-1.59307534e-02	7.56945513e+19
1.33406925e+00	-1.13791096e-02	6.22919617e+19
1.33406925e+00	-6.82746576e-03	6.30085240e+19
1.33406925e+00	-2.27582192e-03	6.36026520e+19
1.33406925e+00	2.27582192e-03	6.48536367e+19
1.33406925e+00	6.82746576e-03	6.54261618e+19
1.33406925e+00	1.13791096e-02	6.55633399e+19
1.33406925e+00	1.59307534e-02	6.53859883e+19
1.33406925e+00	2.04823973e-02	6.51426601e+19
1.33406925e+00	2.50340411e-02	6.47248157e+19
1.33406925e+00	2.95856849e-02	6.40778516e+19
1.33406925e+00	3.41373288e-02	6.35763213e+19
1.33406925e+00	3.86889726e-02	6.31098333e+19
1.33406925e+00	4.32406165e-02	6.30888403e+19
1.33406925e+00	4.77922603e-02	6.44665756e+19
1.33406925e+00	5.23439041e-02	6.64002989e+19
1.33406925e+00	5.68955480e-02	6.71992744e+19
1.33406925e+00	6.14471918e-02	6.71889798e+19
1.33406925e+00	6.59988356e-02	6.50563695e+19
1.33406925e+00	7.05504795e-02	6.30370972e+19
1.33406925e+00	7.51021233e-02	6.25618561e+19
1.33406925e+00	7.96537672e-02	6.36602737e+19
1.33406925e+00	8.42054110e-02	6.95882709e+19
1.33406925e+00	8.87570548e-02	7.56486557e+19
1.33406925e+00	9.33086987e-02	7.53958599e+19
1.33406925e+00	9.78603425e-02	7.10142948e+19
1.33406925e+00	1.02411986e-01	6.75440968e+19
1.33406925e+00	1.06963630e-01	7.63287618e+19
1.33406925e+00	1.11515274e-01	1.01239236e+20
1.33406925e+00	1.16066918e-01	1.22988780e+20
1.33406925e+00	1.20618562e-01	1.38286300e+20
1.33406925e+00	1.25170206e-01	1.50102080e+20
1.33406925e+00	1.29721849e-01	1.54984787e+20
1.33406925e+00	1.34273493e-01	1.55171887e+20
1.33406925e+00	1.38825137e-01	1.35335924e+20
1.33406925e+00	1.43376781e-01	1.15291230e+20
1.33862089e+00	-1.43376781e-01	9.17294790e+19
1.33862089e+00	-1.38825137e-01	7.27809192e+19
1.33862089e+00	-1.34273493e-01	7.31969767e+19
1.33862089e+00	-1.29721849e-01	6.65480803e+19
1.33862089e+00	-1.25170206e-01	6.56257679e+19
1.33862089e+00	-1.20618562e-01	6.46800918e+19
1.33862089e+00	-1.16066918e-01	6.63083404e+19
1.33862089e+00	-1.11515274e-01	6.64209391e+19
1.33862089e+00	-1.06963630e-01	6.51108461e+19
1.33862089e+00	-1.02411986e-01	6.41461577e+19
1.33862089e+00	-9.78603425e-02	6.38529768e+19
1.33862089e+00	-9.33086987e-02	6.38724539e+19
1.33862089e+00	-8.87570548e-02	6.38923937e+19
1.33862089e+00	-8.42054110e-02	6.30559688e+19
1.33862089e+00	-7.96537672e-02	6.19779140e+19
1.33862089e+00	-7.51021233e-02	6.01214707e+19
1.33862089e+00	-7.05504795e-02	6.69248868e+19
1.33862089e+00	-6.59988356e-02	7.52464432e+19
1.33862089e+00	-6.14471918e-02	7.23462419e+19
1.33862089e+00	-5.68955480e-02	7.56640133e+19
1.33862089e+00	-5.23439041e-02	8.37656079e+19
1.33862089e+00	-4.77922603e-02	9.78211397e+19
1.33862089e+00	-4.32406165e-02	1.20642832e+20
1.33862089e+00	-3.86889726e-02	1.46576577e+20
1.33862089e+00	-3.41373288e-02	1.52970277e+20
1.33862089e+00	-2.95856849e-02	1.45173464e+20
1.33862089e+00	-2.50340411e-02	1.05942551e+20
1.33862089e+00	-2.04823973e-02	9.10006646e+19
1.33862089e+00	-1.59307534e-02	7.92403697e+19
1.33862089e+00	-1.13791096e-02	6.17217330e+19
1.33862089e+00	-6.82746576e-03	6.16709070e+19
1.33862089e+00	-2.27582192e-03	6.24672601e+19
1.33862089e+00	2.27582192e-03	6.38040600e+19
1.33862089e+00	6.82746576e-03	6.43957003e+19
1.33862089e+00	1.13791096e-02	6.44673671e+19
1.33862089e+00	1.59307534e-02	6.42540548e+19
1.33862089e+00	2.04823973e-02	6.36784232e+19
1.33862089e+00	2.50340411e-02	6.30832555e+19
1.33862089e+00	2.95856849e-02	6.21794679e+19
1.33862089e+00	3.41373288e-02	6.13070176e+19
1.33862089e+00	3.86889726e-02	6.09240138e+19
1.33862089e+00	4.32406165e-02	6.08689829e+19
1.33862089e+00	4.77922603e-02	6.15520893e+19
1.33862089e+00	5.23439041e-02	6.23095387e+19
1.33862089e+00	5.68955480e-02	6.43353003e+19
1.33862089e+00	6.14471918e-02	6.66277269e+19
1.33862089e+00	6.59988356e-02	6.67130869e+19
1.33862089e+00	7.05504795e-02	6.47373009e+19
1.33862089e+00	7.51021233e-02	6.30117468e+19
1.33862089e+00	7.96537672e-02	6.23206257e+19
1.33862089e+00	8.42054110e-02	6.58956846e+19
1.33862089e+00	8.87570548e-02	7.07409274e+19
1.33862089e+00	9.33086987e-02	7.42549911e+19
1.33862089e+00	9.78603425e-02	7.46910591e+19
1.33862089e+00	1.02411986e-01	6.66518671e+19
1.33862089e+00	1.06963630e-01	6.40878494e+19
1.33862089e+00	1.11515274e-01	7.84918909e+19
1.33862089e+00	1.16066918e-01	9.63260871e+19
1.33862089e+00	1.20618562e-01	1.16237217e+20
1.33862089e+00	1.25170206e-01	1.30647749e+20
1.33862089e+00	1.29721849e-01	1.40676963e+20
1.33862089e+00	1.34273493e-01	1.45207515e+20
1.33862089e+00	1.38825137e-01	1.34313905e+20
1.33862089e+00	1.43376781e-01	1.16765262e+20
1.34317253e+00	-1.43376781e-01	9.44889800e+19
1.34317253e+00	-1.38825137e-01	8.04275312e+19
1.34317253e+00	-1.34273493e-01	7.96429612e+19
1.34317253e+00	-1.29721849e-01	6.81455933e+19
1.34317253e+00	-1.25170206e-01	6.66412058e+19
1.34317253e+00	-1.20618562e-01	6.49953216e+19
1.34317253e+00	-1.16066918e-01	6.68501107e+19
1.34317253e+00	-1.11515274e-01	6.75955858e+19
1.34317253e+00	-1.06963630e-01	6.75710566e+19
1.34317253e+00	-1.02411986e-01	6.73318414e+19
1.34317253e+00	-9.78603425e-02	6.67780391e+19
1.34317253e+00	-9.33086987e-02	6.64836658e+19
1.34317253e+00	-8.87570548e-02	6.63491178e+19
1.34317253e+00	-8.42054110e-02	6.55727104e+19
1.34317253e+00	-7.96537672e-02	6.34227544e+19
1.34317253e+00	-7.51021233e-02	5.94757187e+19
1.34317253e+00	-7.05504795e-02	6.78321818e+19
1.34317253e+00	-6.59988356e-02	7.96168116e+19
1.34317253e+00	-6.14471918e-02	7.82464343e+19
1.34317253e+00	-5.68955480e-02	8.74035431e+19
1.34317253e+00	-5.23439041e-02	9.40842305e+19
1.34317253e+00	-4.77922603e-02	1.03451360e+20
1.34317253e+00	-4.32406165e-02	1.23070780e+20
1.34317253e+00	-3.86889726e-02	1.44746229e+20
1.34317253e+00	-3.41373288e-02	1.55799690e+20
1.34317253e+00	-2.95856849e-02	1.57698991e+20
1.34317253e+00	-2.50340411e-02	1.22182359e+20
1.34317253e+00	-2.04823973e-02	1.02559464e+20
1.34317253e+00	-1.59307534e-02	9.98415628e+19
1.34317253e+00	-1.13791096e-02	6.86370154e+19
1.34317253e+00	-6.82746576e-03	6.05259104e+19
1.34317253e+00	-2.27582192e-03	6.10561491e+19
1.34317253e+00	2.27582192e-03	6.28746223e+19
1.34317253e+00	6.82746576e-03	6.36450191e+19
1.34317253e+00	1.13791096e-02	6.39006339e+19
1.34317253e+00	1.59307534e-02	6.41220329e+19
1.34317253e+00	2.04823973e-02	6.43900894e+19
1.34317253e+00	2.50340411e-02	6.46036155e+19
1.34317253e+00	2.95856849e-02	6.41710665e+19
1.34317253e+00	3.41373288e-02	6.36286057e+19
1.34317253e+00	3.86889726e-02	6.28363157e+19
1.34317253e+00	4.32406165e-02	6.23386195e+19
1.34317253e+00	4.77922603e-02	6.19090103e+19
1.34317253e+00	5.23439041e-02	6.08549810e+19
1.34317253e+00	5.68955480e-02	6.11220839e+19
1.34317253e+00	6.14471918e-02	6.26962167e+19
1.34317253e+00	6.59988356e-02	6.66985858e+19
1.34317253e+00	7.05504795e-02	6.82509287e+19
1.34317253e+00	7.51021233e-02	6.65337953e+19
1.34317253e+00	7.96537672e-02	6.44536805e+19
1.34317253e+00	8.42054110e-02	6.35995513e+19
1.34317253e+00	8.87570548e-02	6.48856708e+19
1.34317253e+00	9.33086987e-02	7.19062995e+19
1.34317253e+00	9.78603425e-02	7.75911987e+19
1.34317253e+00	1.02411986e-01	7.56856994e+19
1.34317253e+00	1.06963630e-01	6.91770609e+19
1.34317253e+00	1.11515274e-01	6.45693902e+19
1.34317253e+00	1.16066918e-01	6.82936907e+19
1.34317253e+00	1.20618562e-01	8.88526840e+19
1.34317253e+00	1.25170206e-01	1.10472041e+20
1.34317253e+00	1.29721849e-01	1.26369964e+20
1.34317253e+00	1.34273493e-01	1.33821414e+20
1.34317253e+00	1.38825137e-01	1.26857101e+20
1.34317253e+00	1.43376781e-01	1.15045216e+20
1.34772418e+00	-1.43376781e-01	1.05996337e+20
1.34772418e+00	-1.38825137e-01	9.48930048e+19
1.34772418e+00	-1.34273493e-01	8.19891886e+19
1.34772418e+00	-1.29721849e-01	6.87990380e+19
1.34772418e+00	-1.25170206e-01	6.71118530e+19
1.34772418e+00	-1.20618562e-01	6.54105545e+19
1.34772418e+00	-1.16066918e-01	6.58027265e+19
1.34772418e+00	-1.11515274e-01	6.58697152e+19
1.34772418e+00	-1.06963630e-01	6.61689336e+19
1.34772418e+00	-1.02411986e-01	6.65049681e+19
1.34772418e+00	-9.78603425e-02	6.70320972e+19
1.34772418e+00	-9.33086987e-02	6.76140815e+19
1.34772418e+00	-8.87570548e-02	6.78541486e+19
1.34772418e+00	-8.42054110e-02	6.78285689e+19
1.34772418e+00	-7.96537672e-02	6.45557905e+19
1.34772418e+00	-7.51021233e-02	5.92535690e+19
1.34772418e+00	-7.05504795e-02	6.82554665e+19
1.34772418e+00	-6.59988356e-02	8.12644793e+19
1.34772418e+00	-6.14471918e-02	8.48852485e+19
1.34772418e+00	-5.68955480e-02	9.56840184e+19
1.34772418e+00	-5.23439041e-02	1.00333931e+20
1.34772418e+00	-4.77922603e-02	1.10626772e+20
1.34772418e+00	-4.32406165e-02	1.27240722e+20
1.34772418e+00	-3.86889726e-02	1.43815569e+20
1.34772418e+00	-3.41373288e-02	1.53199924e+20
1.34772418e+00	-2.95856849e-02	1.56966659e+20
1.34772418e+00	-2.50340411e-02	1.36564632e+20
1.34772418e+00	-2.04823973e-02	1.19960551e+20
1.34772418e+00	-1.59307534e-02	1.08694414e+20
1.34772418e+00	-1.13791096e-02	7.12286866e+19
1.34772418e+00	-6.82746576e-03	5.94615705e+19
1.34772418e+00	-2.27582192e-03	6.01515392e+19
1.34772418e+00	2.27582192e-03	6.19589311e+19
1.34772418e+00	6.82746576e-03	6.28173769e+19
1.34772418e+00	1.13791096e-02	6.32497306e+19
1.34772418e+00	1.59307534e-02	6.33988693e+19
1.34772418e+00	2.04823973e-02	6.40045424e+19
1.34772418e+00	2.50340411e-02	6.45026510e+19
1.34772418e+00	2.95856849e-02	6.50811153e+19
1.34772418e+00	3.41373288e-02	6.50606369e+19
1.34772418e+00	3.86889726e-02	6.41263707e+19
1.34772418e+00	4.32406165e-02	6.35798162e+19
1.34772418e+00	4.77922603e-02	6.28778098e+19
1.34772418e+00	5.23439041e-02	6.16253257e+19
1.34772418e+00	5.68955480e-02	6.12680735e+19
1.34772418e+00	6.14471918e-02	6.17316874e+19
1.34772418e+00	6.59988356e-02	6.59330772e+19
1.34772418e+00	7.05504795e-02	6.81975436e+19
1.34772418e+00	7.51021233e-02	6.78008111e+19
1.34772418e+00	7.96537672e-02	6.71407757e+19
1.34772418e+00	8.42054110e-02	6.48599880e+19
1.34772418e+00	8.87570548e-02	6.36173733e+19
1.34772418e+00	9.33086987e-02	7.09777020e+19
1.34772418e+00	9.78603425e-02	7.79005434e+19
1.34772418e+00	1.02411986e-01	7.60461718e+19
1.34772418e+00	1.06963630e-01	7.09271225e+19
1.34772418e+00	1.11515274e-01	6.54081930e+19
1.34772418e+00	1.16066918e-01	6.43823263e+19
1.34772418e+00	1.20618562e-01	7.54505134e+19
1.34772418e+00	1.25170206e-01	8.99018897e+19
1.34772418e+00	1.29721849e-01	1.07774410e+20
1.34772418e+00	1.34273493e-01	1.18636118e+20
1.34772418e+00	1.38825137e-01	1.20482310e+20
1.34772418e+00	1.43376781e-01	1.19663398e+20
1.35227582e+00	-1.43376781e-01	1.10939442e+20
1.35227582e+00	-1.38825137e-01	1.01047117e+20
1.35227582e+00	-1.34273493e-01	8.32644303e+19
1.35227582e+00	-1.29721849e-01	7.15878720e+19
1.35227582e+00	-1.25170206e-01	6.67152692e+19
1.35227582e+00	-1.20618562e-01	6.48635574e+19
1.35227582e+00	-1.16066918e-01	6.41801970e+19
1.35227582e+00	-1.11515274e-01	6.38500009e+19
1.35227582e+00	-1.06963630e-01	6.41962421e+19
1.35227582e+00	-1.02411986e-01	6.47116678e+19
1.35227582e+00	-9.78603425e-02	6.53674923e+19
1.35227582e+00	-9.33086987e-02	6.58308505e+19
1.35227582e+00	-8.87570548e-02	6.71151083e+19
1.35227582e+00	-8.42054110e-02	6.86463120e+19
1.35227582e+00	-7.96537672e-02	6.52516116e+19
1.35227582e+00	-7.51021233e-02	5.91897625e+19
1.35227582e+00	-7.05504795e-02	6.96314838e+19
1.35227582e+00	-6.59988356e-02	8.65707911e+19
1.35227582e+00	-6.14471918e-02	9.71791024e+19
1.35227582e+00	-5.68955480e-02	1.06129250e+20
1.35227582e+00	-5.23439041e-02	1.11062688e+20
1.35227582e+00	-4.77922603e-02	1.21568190e+20
1.35227582e+00	-4.32406165e-02	1.32566466e+20
1.35227582e+00	-3.86889726e-02	1.42334997e+20
1.35227582e+00	-3.41373288e-02	1.49841352e+20
1.35227582e+00	-2.95856849e-02	1.55087640e+20
1.35227582e+00	-2.50340411e-02	1.46482479e+20
1.35227582e+00	-2.04823973e-02	1.33822808e+20
1.35227582e+00	-1.59307534e-02	1.03489312e+20
1.35227582e+00	-1.13791096e-02	6.82156266e+19
1.35227582e+00	-6.82746576e-03	6.04983392e+19
1.35227582e+00	-2.27582192e-03	5.96305014e+19
1.35227582e+00	2.27582192e-03	6.05278557e+19
1.35227582e+00	6.82746576e-03	6.08962976e+19
1.35227582e+00	1.13791096e-02	6.14905136e+19
1.35227582e+00	1.59307534e-02	6.16913264e+19
1.35227582e+00	2.04823973e-02	6.29426703e+19
1.35227582e+00	2.50340411e-02	6.35314199e+19
1.35227582e+00	2.95856849e-02	6.45909750e+19
1.35227582e+00	3.41373288e-02	6.55984961e+19
1.35227582e+00	3.86889726e-02	6.54274393e+19
1.35227582e+00	4.32406165e-02	6.50124337e+19
1.35227582e+00	4.77922603e-02	6.40025942e+19
1.35227582e+00	5.23439041e-02	6.24033820e+19
1.35227582e+00	5.68955480e-02	6.16817921e+19
1.35227582e+00	6.14471918e-02	6.08065063e+19
1.35227582e+00	6.59988356e-02	6.18624362e+19
1.35227582e+00	7.05504795e-02	6.47112464e+19
1.35227582e+00	7.51021233e-02	6.61044983e+19
1.35227582e+00	7.96537672e-02	6.75227300e+19
1.35227582e+00	8.42054110e-02	6.70573494e+19
1.35227582e+00	8.87570548e-02	6.41929693e+19
1.35227582e+00	9.33086987e-02	6.85433107e+19
1.35227582e+00	9.78603425e-02	7.74746847e+19
1.35227582e+00	1.02411986e-01	7.77750565e+19
1.35227582e+00	1.06963630e-01	7.56928971e+19
1.35227582e+00	1.11515274e-01	7.03194866e+19
1.35227582e+00	1.16066918e-01	6.59889727e+19
1.35227582e+00	1.20618562e-01	6.48380181e+19
1.35227582e+00	1.25170206e-01	6.54412488e+19
1.35227582e+00	1.29721849e-01	7.50548733e+19
1.35227582e+00	1.34273493e-01	8.71133254e+19
1.35227582e+00	1.38825137e-01	1.04032952e+20
1.35227582e+00	1.43376781e-01	1.15499830e+20
1.35682747e+00	-1.43376781e-01	9.17540227e+19
1.35682747e+00	-1.38825137e-01	8.74279817e+19
1.35682747e+00	-1.34273493e-01	7.79902803e+19
1.35682747e+00	-1.29721849e-01	7.12696254e+19
1.35682747e+00	-1.25170206e-01	6.44396169e+19
1.35682747e+00	-1.20618562e-01	6.38569630e+19
1.35682747e+00	-1.16066918e-01	6.31944827e+19
1.35682747e+00	-1.11515274e-01	6.29576978e+19
1.35682747e+00	-1.06963630e-01	6.36477174e+19
1.35682747e+00	-1.02411986e-01	6.45691092e+19
1.35682747e+00	-9.78603425e-02	6.51403314e+19
1.35682747e+00	-9.33086987e-02	6.48687645e+19
1.35682747e+00	-8.87570548e-02	6.60259567e+19
1.35682747e+00	-8.42054110e-02	6.86276284e+19
1.35682747e+00	-7.96537672e-02	6.57291360e+19
1.35682747e+00	-7.51021233e-02	5.84961291e+19
1.35682747e+00	-7.05504795e-02	7.13504421e+19
1.35682747e+00	-6.59988356e-02	9.58305434e+19
1.35682747e+00	-6.14471918e-02	9.86130371e+19
1.35682747e+00	-5.68955480e-02	1.11021593e+20
1.35682747e+00	-5.23439041e-02	1.19939659e+20
1.35682747e+00	-4.77922603e-02	1.31207659e+20
1.35682747e+00	-4.32406165e-02	1.37288049e+20
1.35682747e+00	-3.86889726e-02	1.43869079e+20
1.35682747e+00	-3.41373288e-02	1.48723042e+20
1.35682747e+00	-2.95856849e-02	1.53365751e+20
1.35682747e+00	-2.50340411e-02	1.46504150e+20
1.35682747e+00	-2.04823973e-02	1.34573982e+20
1.35682747e+00	-1.59307534e-02	9.95924070e+19
1.35682747e+00	-1.13791096e-02	6.76712326e+19
1.35682747e+00	-6.82746576e-03	6.33851412e+19
1.35682747e+00	-2.27582192e-03	6.01045701e+19
1.35682747e+00	2.27582192e-03	5.95046513e+19
1.35682747e+00	6.82746576e-03	5.94116753e+19
1.35682747e+00	1.13791096e-02	5.96758467e+19
1.35682747e+00	1.59307534e-02	6.01218884e+19
1.35682747e+00	2.04823973e-02	6.17738749e+19
1.35682747e+00	2.50340411e-02	6.29842851e+19
1.35682747e+00	2.95856849e-02	6.42257068e+19
1.35682747e+00	3.41373288e-02	6.54678847e+19
1.35682747e+00	3.86889726e-02	6.58222145e+19
1.35682747e+00	4.32406165e-02	6.57930616e+19
1.35682747e+00	4.77922603e-02	6.45939519e+19
1.35682747e+00	5.23439041e-02	6.26992679e+19
1.35682747e+00	5.68955480e-02	6.17624404e+19
1.35682747e+00	6.14471918e-02	6.12703947e+19
1.35682747e+00	6.59988356e-02	6.12540558e+19
1.35682747e+00	7.05504795e-02	6.44548538e+19
1.35682747e+00	7.51021233e-02	6.69423734e+19
1.35682747e+00	7.96537672e-02	6.84307502e+19
1.35682747e+00	8.42054110e-02	6.72409797e+19
1.35682747e+00	8.87570548e-02	6.67526001e+19
1.35682747e+00	9.33086987e-02	6.95612672e+19
1.35682747e+00	9.78603425e-02	7.81640184e+19
1.35682747e+00	1.02411986e-01	8.00326167e+19
1.35682747e+00	1.06963630e-01	7.94681479e+19
1.35682747e+00	1.11515274e-01	7.37066527e+19
1.35682747e+00	1.16066918e-01	6.84593564e+19
1.35682747e+00	1.20618562e-01	6.51324444e+19
1.35682747e+00	1.25170206e-01	6.26084456e+19
1.35682747e+00	1.29721849e-01	6.46358923e+19
1.35682747e+00	1.34273493e-01	6.90805073e+19
1.35682747e+00	1.38825137e-01	7.97873722e+19
1.35682747e+00	1.43376781e-01	8.95089786e+19
1.36137911e+00	-1.43376781e-01	6.70949656e+19
1.36137911e+00	-1.38825137e-01	6.82892997e+19
1.36137911e+00	-1.34273493e-01	6.67647315e+19
1.36137911e+00	-1.29721849e-01	6.56012369e+19
1.36137911e+00	-1.25170206e-01	6.22582711e+19
1.36137911e+00	-1.20618562e-01	6.24920160e+19
1.36137911e+00	-1.16066918e-01	6.27278331e+19
1.36137911e+00	-1.11515274e-01	6.29925405e+19
1.36137911e+00	-1.06963630e-01	6.38645246e+19
1.36137911e+00	-1.02411986e-01	6.49706750e+19
1.36137911e+00	-9.78603425e-02	6.58624322e+19
1.36137911e+00	-9.33086987e-02	6.54202058e+19
1.36137911e+00	-8.87570548e-02	6.48904428e+19
1.36137911e+00	-8.42054110e-02	6.67148598e+19
1.36137911e+00	-7.96537672e-02	6.52594117e+19
1.36137911e+00	-7.51021233e-02	5.87842290e+19
1.36137911e+00	-7.05504795e-02	6.96660854e+19
1.36137911e+00	-6.59988356e-02	9.42245652e+19
1.36137911e+00	-6.14471918e-02	1.14897988e+20
1.36137911e+00	-5.68955480e-02	1.25702488e+20
1.36137911e+00	-5.23439041e-02	1.32459430e+20
1.36137911e+00	-4.77922603e-02	1.39632771e+20
1.36137911e+00	-4.32406165e-02	1.44814001e+20
1.36137911e+00	-3.86889726e-02	1.48430829e+20
1.36137911e+00	-3.41373288e-02	1.50136531e+20
1.36137911e+00	-2.95856849e-02	1.52947516e+20
1.36137911e+00	-2.50340411e-02	1.46830039e+20
1.36137911e+00	-2.04823973e-02	1.37668526e+20
1.36137911e+00	-1.59307534e-02	1.10579835e+20
1.36137911e+00	-1.13791096e-02	7.38918252e+19
1.36137911e+00	-6.82746576e-03	6.89864678e+19
1.36137911e+00	-2.27582192e-03	6.08163637e+19
1.36137911e+00	2.27582192e-03	5.89536611e+19
1.36137911e+00	6.82746576e-03	5.93918437e+19
1.36137911e+00	1.13791096e-02	5.91937459e+19
1.36137911e+00	1.59307534e-02	5.99807364e+19
1.36137911e+00	2.04823973e-02	6.10101220e+19
1.36137911e+00	2.50340411e-02	6.28590030e+19
1.36137911e+00	2.95856849e-02	6.42297087e+19
1.36137911e+00	3.41373288e-02	6.54900451e+19
1.36137911e+00	3.86889726e-02	6.61182806e+19
1.36137911e+00	4.32406165e-02	6.62972050e+19
1.36137911e+00	4.77922603e-02	6.46904433e+19
1.36137911e+00	5.23439041e-02	6.28290218e+19
1.36137911e+00	5.68955480e-02	6.14662910e+19
1.36137911e+00	6.14471918e-02	6.22311610e+19
1.36137911e+00	6.59988356e-02	6.34806419e+19
1.36137911e+00	7.05504795e-02	6.77688889e+19
1.36137911e+00	7.51021233e-02	6.91549785e+19
1.36137911e+00	7.96537672e-02	6.91698402e+19
1.36137911e+00	8.42054110e-02	6.99310723e+19
1.36137911e+00	8.87570548e-02	7.24573194e+19
1.36137911e+00	9.33086987e-02	7.17930398e+19
1.36137911e+00	9.78603425e-02	7.80410405e+19
1.36137911e+00	1.02411986e-01	8.24959174e+19
1.36137911e+00	1.06963630e-01	8.52388847e+19
1.36137911e+00	1.11515274e-01	8.05883435e+19
1.36137911e+00	1.16066918e-01	7.38924589e+19
1.36137911e+00	1.20618562e-01	6.87134866e+19
1.36137911e+00	1.25170206e-01	6.49908070e+19
1.36137911e+00	1.29721849e-01	6.33017078e+19
1.36137911e+00	1.34273493e-01	6.16864064e+19
1.36137911e+00	1.38825137e-01	6.14813954e+19
1.36137911e+00	1.43376781e-01	6.25788820e+19
1.36593075e+00	-1.43376781e-01	6.10554622e+19
1.36593075e+00	-1.38825137e-01	6.08860189e+19
1.36593075e+00	-1.34273493e-01	6.02027506e+19
1.36593075e+00	-1.29721849e-01	6.04991860e+19
1.36593075e+00	-1.25170206e-01	6.05203149e+19
1.36593075e+00	-1.20618562e-01	6.14285487e+19
1.36593075e+00	-1.16066918e-01	6.20655822e+19
1.36593075e+00	-1.11515274e-01	6.31177371e+19
1.36593075e+00	-1.06963630e-01	6.44026413e+19
1.36593075e+00	-1.02411986e-01	6.54658002e+19
1.36593075e+00	-9.78603425e-02	6.62939990e+19
1.36593075e+00	-9.33086987e-02	6.59146232e+19
1.36593075e+00	-8.87570548e-02	6.40361543e+19
1.36593075e+00	-8.42054110e-02	6.45531989e+19
1.36593075e+00	-7.96537672e-02	6.53282276e+19
1.36593075e+00	-7.51021233e-02	6.01266257e+19
1.36593075e+00	-7.05504795e-02	6.28311339e+19
1.36593075e+00	-6.59988356e-02	7.79543858e+19
1.36593075e+00	-6.14471918e-02	9.97262654e+19
1.36593075e+00	-5.68955480e-02	1.09448806e+20
1.36593075e+00	-5.23439041e-02	1.13369877e+20
1.36593075e+00	-4.77922603e-02	1.21235869e+20
1.36593075e+00	-4.32406165e-02	1.36123109e+20
1.36593075e+00	-3.86889726e-02	1.43410419e+20
1.36593075e+00	-3.41373288e-02	1.48531092e+20
1.36593075e+00	-2.95856849e-02	1.49268118e+20
1.36593075e+00	-2.50340411e-02	1.43012047e+20
1.36593075e+00	-2.04823973e-02	1.37054105e+20
1.36593075e+00	-1.59307534e-02	1.12894681e+20
1.36593075e+00	-1.13791096e-02	8.00240042e+19
1.36593075e+00	-6.82746576e-03	7.20711673e+19
1.36593075e+00	-2.27582192e-03	6.07383173e+19
1.36593075e+00	2.27582192e-03	5.84509821e+19
1.36593075e+00	6.82746576e-03	5.97376301e+19
1.36593075e+00	1.13791096e-02	5.93525282e+19
1.36593075e+00	1.59307534e-02	6.03632994e+19
1.36593075e+00	2.04823973e-02	6.09928133e+19
1.36593075e+00	2.50340411e-02	6.30433310e+19
1.36593075e+00	2.95856849e-02	6.41771855e+19
1.36593075e+00	3.41373288e-02	6.55924343e+19
1.36593075e+00	3.86889726e-02	6.61134640e+19
1.36593075e+00	4.32406165e-02	6.60622005e+19
1.36593075e+00	4.77922603e-02	6.42465795e+19
1.36593075e+00	5.23439041e-02	6.23058895e+19
1.36593075e+00	5.68955480e-02	6.12240572e+19
1.36593075e+00	6.14471918e-02	6.31210904e+19
1.36593075e+00	6.59988356e-02	6.49853263e+19
1.36593075e+00	7.05504795e-02	6.95467427e+19
1.36593075e+00	7.51021233e-02	6.91652292e+19
1.36593075e+00	7.96537672e-02	6.69998613e+19
1.36593075e+00	8.42054110e-02	7.29386792e+19
1.36593075e+00	8.87570548e-02	7.73257716e+19
1.36593075e+00	9.33086987e-02	7.47124612e+19
1.36593075e+00	9.78603425e-02	7.93733640e+19
1.36593075e+00	1.02411986e-01	8.53989877e+19
1.36593075e+00	1.06963630e-01	8.90158999e+19
1.36593075e+00	1.11515274e-01	8.41333349e+19
1.36593075e+00	1.16066918e-01	7.85541101e+19
1.36593075e+00	1.20618562e-01	7.50988785e+19
1.36593075e+00	1.25170206e-01	7.14960430e+19
1.36593075e+00	1.29721849e-01	6.99442259e+19
1.36593075e+00	1.34273493e-01	6.79186703e+19
1.36593075e+00	1.38825137e-01	6.48603926e+19
1.36593075e+00	1.43376781e-01	6.26617481e+19
1.37048240e+00	-1.43376781e-01	6.34552164e+19
1.37048240e+00	-1.38825137e-01	6.17144872e+19
1.37048240e+00	-1.34273493e-01	6.04116968e+19
1.37048240e+00	-1.29721849e-01	5.99525961e+19
1.37048240e+00	-1.25170206e-01	5.97558459e+19
1.37048240e+00	-1.20618562e-01	6.04629506e+19
1.37048240e+00	-1.16066918e-01	6.16208742e+19
1.37048240e+00	-1.11515274e-01	6.30754110e+19
1.37048240e+00	-1.06963630e-01	6.44996917e+19
1.37048240e+00	-1.02411986e-01	6.54981175e+19
1.37048240e+00	-9.78603425e-02	6.61587671e+19
1.37048240e+00	-9.33086987e-02	6.58611645e+19
1.37048240e+00	-8.87570548e-02	6.38551545e+19
1.37048240e+00	-8.42054110e-02	6.29059988e+19
1.37048240e+00	-7.96537672e-02	6.49018316e+19
1.37048240e+00	-7.51021233e-02	6.40272850e+19
1.37048240e+00	-7.05504795e-02	6.11726115e+19
1.37048240e+00	-6.59988356e-02	6.34250028e+19
1.37048240e+00	-6.14471918e-02	7.20959985e+19
1.37048240e+00	-5.68955480e-02	7.96301684e+19
1.37048240e+00	-5.23439041e-02	9.53173996e+19
1.37048240e+00	-4.77922603e-02	1.14885033e+20
1.37048240e+00	-4.32406165e-02	1.31032385e+20
1.37048240e+00	-3.86889726e-02	1.41398098e+20
1.37048240e+00	-3.41373288e-02	1.45691808e+20
1.37048240e+00	-2.95856849e-02	1.44016864e+20
1.37048240e+00	-2.50340411e-02	1.35456090e+20
1.37048240e+00	-2.04823973e-02	1.27246287e+20
1.37048240e+00	-1.59307534e-02	1.04099593e+20
1.37048240e+00	-1.13791096e-02	8.59755129e+19
1.37048240e+00	-6.82746576e-03	6.79319472e+19
1.37048240e+00	-2.27582192e-03	6.06595770e+19
1.37048240e+00	2.27582192e-03	5.88981058e+19
1.37048240e+00	6.82746576e-03	6.05465666e+19
1.37048240e+00	1.13791096e-02	6.06185831e+19
1.37048240e+00	1.59307534e-02	6.17728933e+19
1.37048240e+00	2.04823973e-02	6.26252002e+19
1.37048240e+00	2.50340411e-02	6.41158661e+19
1.37048240e+00	2.95856849e-02	6.47152084e+19
1.37048240e+00	3.41373288e-02	6.59053078e+19
1.37048240e+00	3.86889726e-02	6.60207500e+19
1.37048240e+00	4.32406165e-02	6.58732573e+19
1.37048240e+00	4.77922603e-02	6.40665804e+19
1.37048240e+00	5.23439041e-02	6.19850117e+19
1.37048240e+00	5.68955480e-02	6.13850724e+19
1.37048240e+00	6.14471918e-02	6.48621372e+19
1.37048240e+00	6.59988356e-02	6.72564244e+19
1.37048240e+00	7.05504795e-02	7.02361433e+19
1.37048240e+00	7.51021233e-02	7.02972086e+19
1.37048240e+00	7.96537672e-02	7.20194412e+19
1.37048240e+00	8.42054110e-02	7.83705359e+19
1.37048240e+00	8.87570548e-02	8.10904420e+19
1.37048240e+00	9.33086987e-02	7.92855740e+19
1.37048240e+00	9.78603425e-02	8.19320285e+19
1.37048240e+00	1.02411986e-01	8.53442046e+19
1.37048240e+00	1.06963630e-01	9.10115844e+19
1.37048240e+00	1.11515274e-01	9.05875122e+19
1.37048240e+00	1.16066918e-01	8.71459587e+19
1.37048240e+00	1.20618562e-01	8.42647740e+19
1.37048240e+00	1.25170206e-01	7.86892168e+19
1.37048240e+00	1.29721849e-01	7.57820519e+19
1.37048240e+00	1.34273493e-01	7.23234248e+19
1.37048240e+00	1.38825137e-01	6.92470457e+19
1.37048240e+00	1.43376781e-01	6.65050434e+19
1.37503404e+00	-1.43376781e-01	6.56338528e+19
1.37503404e+00	-1.38825137e-01	6.40323602e+19
1.37503404e+00	-1.34273493e-01	6.21745095e+19
1.37503404e+00	-1.29721849e-01	6.09665990e+19
1.37503404e+00	-1.25170206e-01	6.00775651e+19
1.37503404e+00	-1.20618562e-01	6.06646883e+19
1.37503404e+00	-1.16066918e-01	6.19726672e+19
1.37503404e+00	-1.11515274e-01	6.34527217e+19
1.37503404e+00	-1.06963630e-01	6.48902046e+19
1.37503404e+00	-1.02411986e-01	6.56271037e+19
1.37503404e+00	-9.78603425e-02	6.58768487e+19
1.37503404e+00	-9.33086987e-02	6.54749178e+19
1.37503404e+00	-8.87570548e-02	6.34918200e+19
1.37503404e+00	-8.42054110e-02	6.18814252e+19
1.37503404e+00	-7.96537672e-02	6.41598572e+19
1.37503404e+00	-7.51021233e-02	6.44653645e+19
1.37503404e+00	-7.05504795e-02	6.09631125e+19
1.37503404e+00	-6.59988356e-02	5.88012753e+19
1.37503404e+00	-6.14471918e-02	6.11325928e+19
1.37503404e+00	-5.68955480e-02	6.48750367e+19
1.37503404e+00	-5.23439041e-02	7.74248441e+19
1.37503404e+00	-4.77922603e-02	9.29796421e+19
1.37503404e+00	-4.32406165e-02	1.07709389e+20
1.37503404e+00	-3.86889726e-02	1.15861821e+20
1.37503404e+00	-3.41373288e-02	1.15615004e+20
1.37503404e+00	-2.95856849e-02	1.10141785e+20
1.37503404e+00	-2.50340411e-02	1.01178976e+20
1.37503404e+00	-2.04823973e-02	9.24412828e+19
1.37503404e+00	-1.59307534e-02	7.39762340e+19
1.37503404e+00	-1.13791096e-02	7.15148049e+19
1.37503404e+00	-6.82746576e-03	6.04204856e+19
1.37503404e+00	-2.27582192e-03	5.89242946e+19
1.37503404e+00	2.27582192e-03	5.99277540e+19
1.37503404e+00	6.82746576e-03	6.13682526e+19
1.37503404e+00	1.13791096e-02	6.17766633e+19
1.37503404e+00	1.59307534e-02	6.29442006e+19
1.37503404e+00	2.04823973e-02	6.32553415e+19
1.37503404e+00	2.50340411e-02	6.46552530e+19
1.37503404e+00	2.95856849e-02	6.53076726e+19
1.37503404e+00	3.41373288e-02	6.60312711e+19
1.37503404e+00	3.86889726e-02	6.55376092e+19
1.37503404e+00	4.32406165e-02	6.50456833e+19
1.37503404e+00	4.77922603e-02	6.38945558e+19
1.37503404e+00	5.23439041e-02	6.15638675e+19
1.37503404e+00	5.68955480e-02	6.17540430e+19
1.37503404e+00	6.14471918e-02	6.64612891e+19
1.37503404e+00	6.59988356e-02	6.87252215e+19
1.37503404e+00	7.05504795e-02	7.18712654e+19
1.37503404e+00	7.51021233e-02	7.75491927e+19
1.37503404e+00	7.96537672e-02	8.48158990e+19
1.37503404e+00	8.42054110e-02	8.35692155e+19
1.37503404e+00	8.87570548e-02	8.54606242e+19
1.37503404e+00	9.33086987e-02	8.56453815e+19
1.37503404e+00	9.78603425e-02	8.82374653e+19
1.37503404e+00	1.02411986e-01	8.82562482e+19
1.37503404e+00	1.06963630e-01	9.25791091e+19
1.37503404e+00	1.11515274e-01	9.36534735e+19
1.37503404e+00	1.16066918e-01	9.21794748e+19
1.37503404e+00	1.20618562e-01	8.80203865e+19
1.37503404e+00	1.25170206e-01	8.25202346e+19
1.37503404e+00	1.29721849e-01	7.86423475e+19
1.37503404e+00	1.34273493e-01	7.38608892e+19
1.37503404e+00	1.38825137e-01	7.03145783e+19
1.37503404e+00	1.43376781e-01	6.74261671e+19
1.37958568e+00	-1.43376781e-01	6.32842236e+19
1.37958568e+00	-1.38825137e-01	6.21451435e+19
1.37958568e+00	-1.34273493e-01	6.19628612e+19
1.37958568e+00	-1.29721849e-01	6.13098764e+19
1.37958568e+00	-1.25170206e-01	6.14178785e+19
1.37958568e+00	-1.20618562e-01	6.22567350e+19
1.37958568e+00	-1.16066918e-01	6.35315308e+19
1.37958568e+00	-1.11515274e-01	6.44485379e+19
1.37958568e+00	-1.06963630e-01	6.50153603e+19
1.37958568e+00	-1.02411986e-01	6.50103912e+19
1.37958568e+00	-9.78603425e-02	6.47377975e+19
1.37958568e+00	-9.33086987e-02	6.39286601e+19
1.37958568e+00	-8.87570548e-02	6.24777041e+19
1.37958568e+00	-8.42054110e-02	6.08275624e+19
1.37958568e+00	-7.96537672e-02	6.32982131e+19
1.37958568e+00	-7.51021233e-02	6.54981507e+19
1.37958568e+00	-7.05504795e-02	6.31742305e+19
1.37958568e+00	-6.59988356e-02	6.11558531e+19
1.37958568e+00	-6.14471918e-02	5.99527788e+19
1.37958568e+00	-5.68955480e-02	5.76976173e+19
1.37958568e+00	-5.23439041e-02	5.80796965e+19
1.37958568e+00	-4.77922603e-02	6.12567770e+19
1.37958568e+00	-4.32406165e-02	6.84652755e+19
1.37958568e+00	-3.86889726e-02	7.29746559e+19
1.37958568e+00	-3.41373288e-02	7.40743988e+19
1.37958568e+00	-2.95856849e-02	6.79285976e+19
1.37958568e+00	-2.50340411e-02	6.28048546e+19
1.37958568e+00	-2.04823973e-02	6.10879572e+19
1.37958568e+00	-1.59307534e-02	5.67694639e+19
1.37958568e+00	-1.13791096e-02	5.78328874e+19
1.37958568e+00	-6.82746576e-03	5.93563710e+19
1.37958568e+00	-2.27582192e-03	6.00287724e+19
1.37958568e+00	2.27582192e-03	6.09547716e+19
1.37958568e+00	6.82746576e-03	6.22771890e+19
1.37958568e+00	1.13791096e-02	6.32400096e+19
1.37958568e+00	1.59307534e-02	6.43295860e+19
1.37958568e+00	2.04823973e-02	6.46769579e+19
1.37958568e+00	2.50340411e-02	6.52249947e+19
1.37958568e+00	2.95856849e-02	6.54301862e+19
1.37958568e+00	3.41373288e-02	6.56192533e+19
1.37958568e+00	3.86889726e-02	6.49873912e+19
1.37958568e+00	4.32406165e-02	6.47896975e+19
1.37958568e+00	4.77922603e-02	6.43071119e+19
1.37958568e+00	5.23439041e-02	6.15482477e+19
1.37958568e+00	5.68955480e-02	6.28270638e+19
1.37958568e+00	6.14471918e-02	6.79763327e+19
1.37958568e+00	6.59988356e-02	7.11027174e+19
1.37958568e+00	7.05504795e-02	7.69451075e+19
1.37958568e+00	7.51021233e-02	7.97116137e+19
1.37958568e+00	7.96537672e-02	7.86559763e+19
1.37958568e+00	8.42054110e-02	7.47859185e+19
1.37958568e+00	8.87570548e-02	7.32536877e+19
1.37958568e+00	9.33086987e-02	7.57836733e+19
1.37958568e+00	9.78603425e-02	8.03819384e+19
1.37958568e+00	1.02411986e-01	9.05767826e+19
1.37958568e+00	1.06963630e-01	9.35164984e+19
1.37958568e+00	1.11515274e-01	9.59405109e+19
1.37958568e+00	1.16066918e-01	9.62393148e+19
1.37958568e+00	1.20618562e-01	9.22454378e+19
1.37958568e+00	1.25170206e-01	8.49164254e+19
1.37958568e+00	1.29721849e-01	7.71799856e+19
1.37958568e+00	1.34273493e-01	7.05071972e+19
1.37958568e+00	1.38825137e-01	6.64251574e+19
1.37958568e+00	1.43376781e-01	6.37614205e+19
1.38413733e+00	-1.43376781e-01	6.08841021e+19
1.38413733e+00	-1.38825137e-01	6.06287922e+19
1.38413733e+00	-1.34273493e-01	6.16790006e+19
1.38413733e+00	-1.29721849e-01	6.17056595e+19
1.38413733e+00	-1.25170206e-01	6.25938225e+19
1.38413733e+00	-1.20618562e-01	6.33330335e+19
1.38413733e+00	-1.16066918e-01	6.39852496e+19
1.38413733e+00	-1.11515274e-01	6.43806752e+19
1.38413733e+00	-1.06963630e-01	6.41219676e+19
1.38413733e+00	-1.02411986e-01	6.38179775e+19
1.38413733e+00	-9.78603425e-02	6.33844660e+19
1.38413733e+00	-9.33086987e-02	6.21962588e+19
1.38413733e+00	-8.87570548e-02	6.10453490e+19
1.38413733e+00	-8.42054110e-02	5.98070965e+19
1.38413733e+00	-7.96537672e-02	6.25691975e+19
1.38413733e+00	-7.51021233e-02	6.59428448e+19
1.38413733e+00	-7.05504795e-02	6.42149459e+19
1.38413733e+00	-6.59988356e-02	6.20926123e+19
1.38413733e+00	-6.14471918e-02	6.12214868e+19
1.38413733e+00	-5.68955480e-02	6.00191837e+19
1.38413733e+00	-5.23439041e-02	5.89821625e+19
1.38413733e+00	-4.77922603e-02	5.81637660e+19
1.38413733e+00	-4.32406165e-02	5.76871331e+19
1.38413733e+00	-3.86889726e-02	5.74922480e+19
1.38413733e+00	-3.41373288e-02	5.66264678e+19
1.38413733e+00	-2.95856849e-02	5.57474973e+19
1.38413733e+00	-2.50340411e-02	5.69305943e+19
1.38413733e+00	-2.04823973e-02	5.77199640e+19
1.38413733e+00	-1.59307534e-02	5.95542551e+19
1.38413733e+00	-1.13791096e-02	5.99019818e+19
1.38413733e+00	-6.82746576e-03	6.01188963e+19
1.38413733e+00	-2.27582192e-03	6.09024573e+19
1.38413733e+00	2.27582192e-03	6.18202702e+19
1.38413733e+00	6.82746576e-03	6.30928306e+19
1.38413733e+00	1.13791096e-02	6.40920171e+19
1.38413733e+00	1.59307534e-02	6.48928209e+19
1.38413733e+00	2.04823973e-02	6.50667321e+19
1.38413733e+00	2.50340411e-02	6.51707607e+19
1.38413733e+00	2.95856849e-02	6.48776009e+19
1.38413733e+00	3.41373288e-02	6.46729502e+19
1.38413733e+00	3.86889726e-02	6.52258790e+19
1.38413733e+00	4.32406165e-02	6.56380076e+19
1.38413733e+00	4.77922603e-02	6.47423343e+19
1.38413733e+00	5.23439041e-02	6.17079305e+19
1.38413733e+00	5.68955480e-02	6.26863428e+19
1.38413733e+00	6.14471918e-02	6.89872593e+19
1.38413733e+00	6.59988356e-02	7.10701824e+19
1.38413733e+00	7.05504795e-02	7.11655877e+19
1.38413733e+00	7.51021233e-02	6.57084865e+19
1.38413733e+00	7.96537672e-02	6.07036909e+19
1.38413733e+00	8.42054110e-02	6.04649119e+19
1.38413733e+00	8.87570548e-02	6.15236296e+19
1.38413733e+00	9.33086987e-02	6.89286236e+19
1.38413733e+00	9.78603425e-02	7.78734876e+19
1.38413733e+00	1.02411986e-01	8.57550004e+19
1.38413733e+00	1.06963630e-01	9.22562988e+19
1.38413733e+00	1.11515274e-01	9.62471074e+19
1.38413733e+00	1.16066918e-01	9.65677664e+19
1.38413733e+00	1.20618562e-01	9.23129888e+19
1.38413733e+00	1.25170206e-01	8.46520809e+19
1.38413733e+00	1.29721849e-01	7.57396743e+19
1.38413733e+00	1.34273493e-01	6.77576452e+19
1.38413733e+00	1.38825137e-01	6.25705901e+19
1.38413733e+00	1.43376781e-01	6.04735302e+19
1.38868897e+00	-1.43376781e-01	6.01168802e+19
1.38868897e+00	-1.38825137e-01	6.02386151e+19
1.38868897e+00	-1.34273493e-01	6.02254840e+19
1.38868897e+00	-1.29721849e-01	6.05604671e+19
1.38868897e+00	-1.25170206e-01	6.10596250e+19
1.38868897e+00	-1.20618562e-01	6.14808820e+19
1.38868897e+00	-1.16066918e-01	6.18158194e+19
1.38868897e+00	-1.11515274e-01	6.21515245e+19
1.38868897e+00	-1.06963630e-01	6.16576404e+19
1.38868897e+00	-1.02411986e-01	6.13728205e+19
1.38868897e+00	-9.78603425e-02	6.10035692e+19
1.38868897e+00	-9.33086987e-02	6.02575924e+19
1.38868897e+00	-8.87570548e-02	5.99480878e+19
1.38868897e+00	-8.42054110e-02	5.98532865e+19
1.38868897e+00	-7.96537672e-02	6.17431459e+19
1.38868897e+00	-7.51021233e-02	6.60782568e+19
1.38868897e+00	-7.05504795e-02	6.56295425e+19
1.38868897e+00	-6.59988356e-02	6.36373503e+19
1.38868897e+00	-6.14471918e-02	6.29255079e+19
1.38868897e+00	-5.68955480e-02	6.21230005e+19
1.38868897e+00	-5.23439041e-02	6.16204570e+19
1.38868897e+00	-4.77922603e-02	6.06944208e+19
1.38868897e+00	-4.32406165e-02	5.97170187e+19
1.38868897e+00	-3.86889726e-02	5.88064699e+19
1.38868897e+00	-3.41373288e-02	5.92522014e+19
1.38868897e+00	-2.95856849e-02	5.93852636e+19
1.38868897e+00	-2.50340411e-02	6.01799107e+19
1.38868897e+00	-2.04823973e-02	6.01644945e+19
1.38868897e+00	-1.59307534e-02	6.06045992e+19
1.38868897e+00	-1.13791096e-02	6.10100677e+19
1.38868897e+00	-6.82746576e-03	6.18391753e+19
1.38868897e+00	-2.27582192e-03	6.26634002e+19
1.38868897e+00	2.27582192e-03	6.33286224e+19
1.38868897e+00	6.82746576e-03	6.39292647e+19
1.38868897e+00	1.13791096e-02	6.43711918e+19
1.38868897e+00	1.59307534e-02	6.47246813e+19
1.38868897e+00	2.04823973e-02	6.49716662e+19
1.38868897e+00	2.50340411e-02	6.51677133e+19
1.38868897e+00	2.95856849e-02	6.56830553e+19
1.38868897e+00	3.41373288e-02	6.59176079e+19
1.38868897e+00	3.86889726e-02	6.67411123e+19
1.38868897e+00	4.32406165e-02	6.65915180e+19
1.38868897e+00	4.77922603e-02	6.44393490e+19
1.38868897e+00	5.23439041e-02	6.23834538e+19
1.38868897e+00	5.68955480e-02	6.14273973e+19
1.38868897e+00	6.14471918e-02	6.70677307e+19
1.38868897e+00	6.59988356e-02	7.10101083e+19
1.38868897e+00	7.05504795e-02	7.02025746e+19
1.38868897e+00	7.51021233e-02	6.50914799e+19
1.38868897e+00	7.96537672e-02	6.11860711e+19
1.38868897e+00	8.42054110e-02	6.55336137e+19
1.38868897e+00	8.87570548e-02	6.59500009e+19
1.38868897e+00	9.33086987e-02	7.00117052e+19
1.38868897e+00	9.78603425e-02	7.85246283e+19
1.38868897e+00	1.02411986e-01	9.01280113e+19
1.38868897e+00	1.06963630e-01	9.57815714e+19
1.38868897e+00	1.11515274e-01	9.57500906e+19
1.38868897e+00	1.16066918e-01	9.49618107e+19
1.38868897e+00	1.20618562e-01	8.87568479e+19
1.38868897e+00	1.25170206e-01	8.10558761e+19
1.38868897e+00	1.29721849e-01	6.96225897e+19
1.38868897e+00	1.34273493e-01	6.40209002e+19
1.38868897e+00	1.38825137e-01	6.13068976e+19
1.38868897e+00	1.43376781e-01	6.06340720e+19
1.39324062e+00	-1.43376781e-01	6.13612450e+19
1.39324062e+00	-1.38825137e-01	6.14355995e+19
1.39324062e+00	-1.34273493e-01	6.06759083e+19
1.39324062e+00	-1.29721849e-01	6.09935980e+19
1.39324062e+00	-1.25170206e-01	6.02364313e+19
1.39324062e+00	-1.20618562e-01	6.01891348e+19
1.39324062e+00	-1.16066918e-01	6.01200317e+19
1.39324062e+00	-1.11515274e-01	6.01548674e+19
1.39324062e+00	-1.06963630e-01	5.95491958e+19
1.39324062e+00	-1.02411986e-01	5.90160819e+19
1.39324062e+00	-9.78603425e-02	5.87247830e+19
1.39324062e+00	-9.33086987e-02	5.87908773e+19
1.39324062e+00	-8.87570548e-02	5.87563184e+19
1.39324062e+00	-8.42054110e-02	5.98795709e+19
1.39324062e+00	-7.96537672e-02	6.22505042e+19
1.39324062e+00	-7.51021233e-02	6.66222191e+19
1.39324062e+00	-7.05504795e-02	6.68616722e+19
1.39324062e+00	-6.59988356e-02	6.56568913e+19
1.39324062e+00	-6.14471918e-02	6.46666211e+19
1.39324062e+00	-5.68955480e-02	6.42210660e+19
1.39324062e+00	-5.23439041e-02	6.46166292e+19
1.39324062e+00	-4.77922603e-02	6.43153036e+19
1.39324062e+00	-4.32406165e-02	6.35658648e+19
1.39324062e+00	-3.86889726e-02	6.23389235e+19
1.39324062e+00	-3.41373288e-02	6.19353556e+19
1.39324062e+00	-2.95856849e-02	6.12197503e+19
1.39324062e+00	-2.50340411e-02	6.12366893e+19
1.39324062e+00	-2.04823973e-02	6.11875006e+19
1.39324062e+00	-1.59307534e-02	6.12317881e+19
1.39324062e+00	-1.13791096e-02	6.14282020e+19
1.39324062e+00	-6.82746576e-03	6.21466584e+19
1.39324062e+00	-2.27582192e-03	6.28120306e+19
1.39324062e+00	2.27582192e-03	6.31482672e+19
1.39324062e+00	6.82746576e-03	6.30895883e+19
1.39324062e+00	1.13791096e-02	6.30734858e+19
1.39324062e+00	1.59307534e-02	6.37361933e+19
1.39324062e+00	2.04823973e-02	6.44495751e+19
1.39324062e+00	2.50340411e-02	6.56008327e+19
1.39324062e+00	2.95856849e-02	6.72529484e+19
1.39324062e+00	3.41373288e-02	6.79919936e+19
1.39324062e+00	3.86889726e-02	6.85901282e+19
1.39324062e+00	4.32406165e-02	6.70189923e+19
1.39324062e+00	4.77922603e-02	6.34406780e+19
1.39324062e+00	5.23439041e-02	6.23065974e+19
1.39324062e+00	5.68955480e-02	6.20548238e+19
1.39324062e+00	6.14471918e-02	6.76521448e+19
1.39324062e+00	6.59988356e-02	7.13308887e+19
1.39324062e+00	7.05504795e-02	7.07436562e+19
1.39324062e+00	7.51021233e-02	6.72075451e+19
1.39324062e+00	7.96537672e-02	6.60787591e+19
1.39324062e+00	8.42054110e-02	6.99243150e+19
1.39324062e+00	8.87570548e-02	7.09690124e+19
1.39324062e+00	9.33086987e-02	6.89818883e+19
1.39324062e+00	9.78603425e-02	6.84116851e+19
1.39324062e+00	1.02411986e-01	7.50427299e+19
1.39324062e+00	1.06963630e-01	8.12073463e+19
1.39324062e+00	1.11515274e-01	8.63419703e+19
1.39324062e+00	1.16066918e-01	8.57672628e+19
1.39324062e+00	1.20618562e-01	8.02178316e+19
1.39324062e+00	1.25170206e-01	7.22858227e+19
1.39324062e+00	1.29721849e-01	6.24851449e+19
1.39324062e+00	1.34273493e-01	6.04778717e+19
1.39324062e+00	1.38825137e-01	6.28828090e+19
1.39324062e+00	1.43376781e-01	6.34833051e+19
1.39779226e+00	-1.43376781e-01	6.46255056e+19
1.39779226e+00	-1.38825137e-01	6.42532718e+19
1.39779226e+00	-1.34273493e-01	6.29889518e+19
1.39779226e+00	-1.29721849e-01	6.22435507e+19
1.39779226e+00	-1.25170206e-01	6.11081728e+19
1.39779226e+00	-1.20618562e-01	6.03169720e+19
1.39779226e+00	-1.16066918e-01	5.95607929e+19
1.39779226e+00	-1.11515274e-01	5.89259729e+19
1.39779226e+00	-1.06963630e-01	5.78802915e+19
1.39779226e+00	-1.02411986e-01	5.73140765e+19
1.39779226e+00	-9.78603425e-02	5.86456226e+19
1.39779226e+00	-9.33086987e-02	5.96689576e+19
1.39779226e+00	-8.87570548e-02	5.94408789e+19
1.39779226e+00	-8.42054110e-02	6.05428846e+19
1.39779226e+00	-7.96537672e-02	6.33955055e+19
1.39779226e+00	-7.51021233e-02	6.73938421e+19
1.39779226e+00	-7.05504795e-02	6.80681999e+19
1.39779226e+00	-6.59988356e-02	6.81875086e+19
1.39779226e+00	-6.14471918e-02	6.66499862e+19
1.39779226e+00	-5.68955480e-02	6.58398904e+19
1.39779226e+00	-5.23439041e-02	6.70021026e+19
1.39779226e+00	-4.77922603e-02	6.70865187e+19
1.39779226e+00	-4.32406165e-02	6.70530656e+19
1.39779226e+00	-3.86889726e-02	6.56531204e+19
1.39779226e+00	-3.41373288e-02	6.62801171e+19
1.39779226e+00	-2.95856849e-02	6.51015122e+19
1.39779226e+00	-2.50340411e-02	6.51233180e+19
1.39779226e+00	-2.04823973e-02	6.44667074e+19
1.39779226e+00	-1.59307534e-02	6.42239390e+19
1.39779226e+00	-1.13791096e-02	6.41986189e+19
1.39779226e+00	-6.82746576e-03	6.41704469e+19
1.39779226e+00	-2.27582192e-03	6.40674195e+19
1.39779226e+00	2.27582192e-03	6.45439209e+19
1.39779226e+00	6.82746576e-03	6.46567823e+19
1.39779226e+00	1.13791096e-02	6.55422002e+19
1.39779226e+00	1.59307534e-02	6.57199119e+19
1.39779226e+00	2.04823973e-02	6.59613378e+19
1.39779226e+00	2.50340411e-02	6.65725341e+19
1.39779226e+00	2.95856849e-02	6.75716320e+19
1.39779226e+00	3.41373288e-02	6.77440415e+19
1.39779226e+00	3.86889726e-02	6.74770329e+19
1.39779226e+00	4.32406165e-02	6.49698311e+19
1.39779226e+00	4.77922603e-02	6.17828699e+19
1.39779226e+00	5.23439041e-02	6.21514806e+19
1.39779226e+00	5.68955480e-02	6.41093271e+19
1.39779226e+00	6.14471918e-02	6.72313155e+19
1.39779226e+00	6.59988356e-02	7.01817233e+19
1.39779226e+00	7.05504795e-02	7.14065668e+19
1.39779226e+00	7.51021233e-02	7.25498606e+19
1.39779226e+00	7.96537672e-02	7.11907962e+19
1.39779226e+00	8.42054110e-02	7.14711017e+19
1.39779226e+00	8.87570548e-02	7.42806516e+19
1.39779226e+00	9.33086987e-02	7.41667757e+19
1.39779226e+00	9.78603425e-02	7.14991397e+19
1.39779226e+00	1.02411986e-01	6.77961122e+19
1.39779226e+00	1.06963630e-01	6.52727928e+19
1.39779226e+00	1.11515274e-01	6.74873855e+19
1.39779226e+00	1.16066918e-01	6.92115060e+19
1.39779226e+00	1.20618562e-01	7.01898424e+19
1.39779226e+00	1.25170206e-01	6.70818498e+19
1.39779226e+00	1.29721849e-01	6.73169007e+19
1.39779226e+00	1.34273493e-01	6.70525593e+19
1.39779226e+00	1.38825137e-01	6.84123774e+19
1.39779226e+00	1.43376781e-01	6.74876540e+19
1.40234390e+00	-1.43376781e-01	6.74708041e+19
1.40234390e+00	-1.38825137e-01	6.61797519e+19
1.40234390e+00	-1.34273493e-01	6.39644802e+19
1.40234390e+00	-1.29721849e-01	6.19278710e+19
1.40234390e+00	-1.25170206e-01	6.07635966e+19
1.40234390e+00	-1.20618562e-01	5.93613555e+19
1.40234390e+00	-1.16066918e-01	5.85570232e+19
1.40234390e+00	-1.11515274e-01	5.76669321e+19
1.40234390e+00	-1.06963630e-01	5.65664211e+19
1.40234390e+00	-1.02411986e-01	5.56808599e+19
1.40234390e+00	-9.78603425e-02	5.79046646e+19
1.40234390e+00	-9.33086987e-02	6.11282914e+19
1.40234390e+00	-8.87570548e-02	6.28840223e+19
1.40234390e+00	-8.42054110e-02	6.37487942e+19
1.40234390e+00	-7.96537672e-02	6.51218964e+19
1.40234390e+00	-7.51021233e-02	6.80393777e+19
1.40234390e+00	-7.05504795e-02	6.92969554e+19
1.40234390e+00	-6.59988356e-02	7.02885310e+19
1.40234390e+00	-6.14471918e-02	6.87652996e+19
1.40234390e+00	-5.68955480e-02	6.78328609e+19
1.40234390e+00	-5.23439041e-02	6.89600948e+19
1.40234390e+00	-4.77922603e-02	6.88254598e+19
1.40234390e+00	-4.32406165e-02	6.95676949e+19
1.40234390e+00	-3.86889726e-02	6.90672912e+19
1.40234390e+00	-3.41373288e-02	7.01037704e+19
1.40234390e+00	-2.95856849e-02	6.97245808e+19
1.40234390e+00	-2.50340411e-02	7.23497819e+19
1.40234390e+00	-2.04823973e-02	7.26578174e+19
1.40234390e+00	-1.59307534e-02	7.38450048e+19
1.40234390e+00	-1.13791096e-02	7.43296623e+19
1.40234390e+00	-6.82746576e-03	7.50415212e+19
1.40234390e+00	-2.27582192e-03	7.46630089e+19
1.40234390e+00	2.27582192e-03	7.53860336e+19
1.40234390e+00	6.82746576e-03	7.47714340e+19
1.40234390e+00	1.13791096e-02	7.39650664e+19
1.40234390e+00	1.59307534e-02	7.21373499e+19
1.40234390e+00	2.04823973e-02	7.00931156e+19
1.40234390e+00	2.50340411e-02	6.89278467e+19
1.40234390e+00	2.95856849e-02	6.82827244e+19
1.40234390e+00	3.41373288e-02	6.69727186e+19
1.40234390e+00	3.86889726e-02	6.57852656e+19
1.40234390e+00	4.32406165e-02	6.32240955e+19
1.40234390e+00	4.77922603e-02	6.04467090e+19
1.40234390e+00	5.23439041e-02	6.15973466e+19
1.40234390e+00	5.68955480e-02	6.64287134e+19
1.40234390e+00	6.14471918e-02	6.91202105e+19
1.40234390e+00	6.59988356e-02	7.07416884e+19
1.40234390e+00	7.05504795e-02	7.24850127e+19
1.40234390e+00	7.51021233e-02	7.45940974e+19
1.40234390e+00	7.96537672e-02	7.55168054e+19
1.40234390e+00	8.42054110e-02	7.61631300e+19
1.40234390e+00	8.87570548e-02	7.68342498e+19
1.40234390e+00	9.33086987e-02	7.55253977e+19
1.40234390e+00	9.78603425e-02	7.52509364e+19
1.40234390e+00	1.02411986e-01	7.67880087e+19
1.40234390e+00	1.06963630e-01	7.57846448e+19
1.40234390e+00	1.11515274e-01	7.39031324e+19
1.40234390e+00	1.16066918e-01	7.32314898e+19
1.40234390e+00	1.20618562e-01	7.22806023e+19
1.40234390e+00	1.25170206e-01	7.18104509e+19
1.40234390e+00	1.29721849e-01	7.51172387e+19
1.40234390e+00	1.34273493e-01	7.43056743e+19
1.40234390e+00	1.38825137e-01	7.24103584e+19
1.40234390e+00	1.43376781e-01	6.95986178e+19
1.40689555e+00	-1.43376781e-01	6.25774026e+19
1.40689555e+00	-1.38825137e-01	6.22167470e+19
1.40689555e+00	-1.34273493e-01	6.04040128e+19
1.40689555e+00	-1.29721849e-01	5.82482828e+19
1.40689555e+00	-1.25170206e-01	5.74314498e+19
1.40689555e+00	-1.20618562e-01	5.60001148e+19
1.40689555e+00	-1.16066918e-01	5.51925656e+19
1.40689555e+00	-1.11515274e-01	5.46999682e+19
1.40689555e+00	-1.06963630e-01	5.44084037e+19
1.40689555e+00	-1.02411986e-01	5.39848526e+19
1.40689555e+00	-9.78603425e-02	5.38400702e+19
1.40689555e+00	-9.33086987e-02	5.36210940e+19
1.40689555e+00	-8.87570548e-02	5.77713502e+19
1.40689555e+00	-8.42054110e-02	6.17075978e+19
1.40689555e+00	-7.96537672e-02	6.61232676e+19
1.40689555e+00	-7.51021233e-02	6.76756814e+19
1.40689555e+00	-7.05504795e-02	6.95091922e+19
1.40689555e+00	-6.59988356e-02	7.10973127e+19
1.40689555e+00	-6.14471918e-02	7.18282378e+19
1.40689555e+00	-5.68955480e-02	7.14506160e+19
1.40689555e+00	-5.23439041e-02	7.16145286e+19
1.40689555e+00	-4.77922603e-02	7.19431247e+19
1.40689555e+00	-4.32406165e-02	7.23113586e+19
1.40689555e+00	-3.86889726e-02	7.25201797e+19
1.40689555e+00	-3.41373288e-02	7.28352612e+19
1.40689555e+00	-2.95856849e-02	7.31719905e+19
1.40689555e+00	-2.50340411e-02	7.34245155e+19
1.40689555e+00	-2.04823973e-02	7.35564535e+19
1.40689555e+00	-1.59307534e-02	7.37431597e+19
1.40689555e+00	-1.13791096e-02	7.39612726e+19
1.40689555e+00	-6.82746576e-03	7.40222162e+19
1.40689555e+00	-2.27582192e-03	7.37474431e+19
1.40689555e+00	2.27582192e-03	7.31369577e+19
1.40689555e+00	6.82746576e-03	7.17555184e+19
1.40689555e+00	1.13791096e-02	7.03113570e+19
1.40689555e+00	1.59307534e-02	6.87904553e+19
1.40689555e+00	2.04823973e-02	6.75345813e+19
1.40689555e+00	2.50340411e-02	6.62343672e+19
1.40689555e+00	2.95856849e-02	6.44434879e+19
1.40689555e+00	3.41373288e-02	6.23191208e+19
1.40689555e+00	3.86889726e-02	6.08900747e+19
1.40689555e+00	4.32406165e-02	5.95376869e+19
1.40689555e+00	4.77922603e-02	5.84274422e+19
1.40689555e+00	5.23439041e-02	5.78444171e+19
1.40689555e+00	5.68955480e-02	5.79486399e+19
1.40689555e+00	6.14471918e-02	5.84862764e+19
1.40689555e+00	6.59988356e-02	5.92240411e+19
1.40689555e+00	7.05504795e-02	6.21906951e+19
1.40689555e+00	7.51021233e-02	6.52686191e+19
1.40689555e+00	7.96537672e-02	6.83327766e+19
1.40689555e+00	8.42054110e-02	7.31906875e+19
1.40689555e+00	8.87570548e-02	7.61808811e+19
1.40689555e+00	9.33086987e-02	7.83367864e+19
1.40689555e+00	9.78603425e-02	7.87154985e+19
1.40689555e+00	1.02411986e-01	7.83896982e+19
1.40689555e+00	1.06963630e-01	7.74688044e+19
1.40689555e+00	1.11515274e-01	7.64651859e+19
1.40689555e+00	1.16066918e-01	7.49559260e+19
1.40689555e+00	1.20618562e-01	7.37118658e+19
1.40689555e+00	1.25170206e-01	7.25953924e+19
1.40689555e+00	1.29721849e-01	6.99681263e+19
1.40689555e+00	1.34273493e-01	6.68813963e+19
1.40689555e+00	1.38825137e-01	6.46734352e+19
1.40689555e+00	1.43376781e-01	6.30712581e+19
1.41144719e+00	-1.43376781e-01	5.40982975e+19
1.41144719e+00	-1.38825137e-01	5.44870623e+19
1.41144719e+00	-1.34273493e-01	5.42236828e+19
1.41144719e+00	-1.29721849e-01	5.37490504e+19
1.41144719e+00	-1.25170206e-01	5.36352267e+19
1.41144719e+00	-1.20618562e-01	5.25197547e+19
1.41144719e+00	-1.16066918e-01	5.15858596e+19
1.41144719e+00	-1.11515274e-01	5.14219213e+19
1.41144719e+00	-1.06963630e-01	5.14357855e+19
1.41144719e+00	-1.02411986e-01	5.14039572e+19
1.41144719e+00	-9.78603425e-02	5.18491998e+19
1.41144719e+00	-9.33086987e-02	5.16966036e+19
1.41144719e+00	-8.87570548e-02	5.21552708e+19
1.41144719e+00	-8.42054110e-02	5.37379952e+19
1.41144719e+00	-7.96537672e-02	5.68673461e+19
1.41144719e+00	-7.51021233e-02	5.79247075e+19
1.41144719e+00	-7.05504795e-02	6.06173483e+19
1.41144719e+00	-6.59988356e-02	6.25322257e+19
1.41144719e+00	-6.14471918e-02	6.42959811e+19
1.41144719e+00	-5.68955480e-02	6.52721635e+19
1.41144719e+00	-5.23439041e-02	6.58678130e+19
1.41144719e+00	-4.77922603e-02	6.60990232e+19
1.41144719e+00	-4.32406165e-02	6.60869094e+19
1.41144719e+00	-3.86889726e-02	6.60546918e+19
1.41144719e+00	-3.41373288e-02	6.56689009e+19
1.41144719e+00	-2.95856849e-02	6.51898147e+19
1.41144719e+00	-2.50340411e-02	6.48053771e+19
1.41144719e+00	-2.04823973e-02	6.46247730e+19
1.41144719e+00	-1.59307534e-02	6.48349846e+19
1.41144719e+00	-1.13791096e-02	6.54338071e+19
1.41144719e+00	-6.82746576e-03	6.57390169e+19
1.41144719e+00	-2.27582192e-03	6.53038786e+19
1.41144719e+00	2.27582192e-03	6.42627594e+19
1.41144719e+00	6.82746576e-03	6.23962383e+19
1.41144719e+00	1.13791096e-02	6.07978519e+19
1.41144719e+00	1.59307534e-02	5.96555793e+19
1.41144719e+00	2.04823973e-02	5.88156941e+19
1.41144719e+00	2.50340411e-02	5.81346867e+19
1.41144719e+00	2.95856849e-02	5.70524156e+19
1.41144719e+00	3.41373288e-02	5.59252854e+19
1.41144719e+00	3.86889726e-02	5.50122899e+19
1.41144719e+00	4.32406165e-02	5.43373424e+19
1.41144719e+00	4.77922603e-02	5.39105183e+19
1.41144719e+00	5.23439041e-02	5.34867406e+19
1.41144719e+00	5.68955480e-02	5.31164000e+19
1.41144719e+00	6.14471918e-02	5.27623422e+19
1.41144719e+00	6.59988356e-02	5.20028599e+19
1.41144719e+00	7.05504795e-02	5.21558491e+19
1.41144719e+00	7.51021233e-02	5.24217304e+19
1.41144719e+00	7.96537672e-02	5.36493248e+19
1.41144719e+00	8.42054110e-02	5.60291606e+19
1.41144719e+00	8.87570548e-02	5.93227845e+19
1.41144719e+00	9.33086987e-02	6.26640298e+19
1.41144719e+00	9.78603425e-02	6.55056543e+19
1.41144719e+00	1.02411986e-01	6.67305459e+19
1.41144719e+00	1.06963630e-01	6.51830846e+19
1.41144719e+00	1.11515274e-01	6.27285812e+19
1.41144719e+00	1.16066918e-01	5.97241402e+19
1.41144719e+00	1.20618562e-01	5.80080252e+19
1.41144719e+00	1.25170206e-01	5.78443425e+19
1.41144719e+00	1.29721849e-01	5.66372210e+19
1.41144719e+00	1.34273493e-01	5.57682587e+19
1.41144719e+00	1.38825137e-01	5.50229192e+19
1.41144719e+00	1.43376781e-01	5.42044247e+19
1.41599884e+00	-1.43376781e-01	5.43891087e+19
1.41599884e+00	-1.38825137e-01	5.44039991e+19
1.41599884e+00	-1.34273493e-01	5.44018177e+19
1.41599884e+00	-1.29721849e-01	5.43863975e+19
1.41599884e+00	-1.25170206e-01	5.43819353e+19
1.41599884e+00	-1.20618562e-01	5.43883429e+19
1.41599884e+00	-1.16066918e-01	5.43933547e+19
1.41599884e+00	-1.11515274e-01	5.43901922e+19
1.41599884e+00	-1.06963630e-01	5.44052854e+19
1.41599884e+00	-1.02411986e-01	5.44379998e+19
1.41599884e+00	-9.78603425e-02	5.45129356e+19
1.41599884e+00	-9.33086987e-02	5.46261151e+19
1.41599884e+00	-8.87570548e-02	5.47016432e+19
1.41599884e+00	-8.42054110e-02	5.47330945e+19
1.41599884e+00	-7.96537672e-02	5.47565356e+19
1.41599884e+00	-7.51021233e-02	5.47766774e+19
1.41599884e+00	-7.05504795e-02	5.47955582e+19
1.41599884e+00	-6.59988356e-02	5.48111032e+19
1.41599884e+00	-6.14471918e-02	5.47921877e+19
1.41599884e+00	-5.68955480e-02	5.47550613e+19
1.41599884e+00	-5.23439041e-02	5.46959100e+19
1.41599884e+00	-4.77922603e-02	5.46462578e+19
1.41599884e+00	-4.32406165e-02	5.46171303e+19
1.41599884e+00	-3.86889726e-02	5.46135500e+19
1.41599884e+00	-3.41373288e-02	5.46042665e+19
1.41599884e+00	-2.95856849e-02	5.45850164e+19
1.41599884e+00	-2.50340411e-02	5.45734574e+19
1.41599884e+00	-2.04823973e-02	5.45677373e+19
1.41599884e+00	-1.59307534e-02	5.45325111e+19
1.41599884e+00	-1.13791096e-02	5.44701393e+19
1.41599884e+00	-6.82746576e-03	5.44318265e+19
1.41599884e+00	-2.27582192e-03	5.44326133e+19
1.41599884e+00	2.27582192e-03	5.44201895e+19
1.41599884e+00	6.82746576e-03	5.43873628e+19
1.41599884e+00	1.13791096e-02	5.43610864e+19
1.41599884e+00	1.59307534e-02	5.43381514e+19
1.41599884e+00	2.04823973e-02	5.43358132e+19
1.41599884e+00	2.50340411e-02	5.43533736e+19
1.41599884e+00	2.95856849e-02	5.43761490e+19
1.41599884e+00	3.41373288e-02	5.43983134e+19
1.41599884e+00	3.86889726e-02	5.44091438e+19
1.41599884e+00	4.32406165e-02	5.44093724e+19
1.41599884e+00	4.77922603e-02	5.44178911e+19
1.41599884e+00	5.23439041e-02	5.44355528e+19
1.41599884e+00	5.68955480e-02	5.44845078e+19
1.41599884e+00	6.14471918e-02	5.45642976e+19
1.41599884e+00	6.59988356e-02	5.46285184e+19
1.41599884e+00	7.05504795e-02	5.46609712e+19
1.41599884e+00	7.51021233e-02	5.46757375e+19
1.41599884e+00	7.96537672e-02	5.46734694e+19
1.41599884e+00	8.42054110e-02	5.46635073e+19
1.41599884e+00	8.87570548e-02	5.46498795e+19
1.41599884e+00	9.33086987e-02	5.46425971e+19
1.41599884e+00	9.78603425e-02	5.46404632e+19
1.41599884e+00	1.02411986e-01	5.46004538e+19
1.41599884e+00	1.06963630e-01	5.45466174e+19
1.41599884e+00	1.11515274e-01	5.44744420e+19
1.41599884e+00	1.16066918e-01	5.43831284e+19
1.41599884e+00	1.20618562e-01	5.43702856e+19
1.41599884e+00	1.25170206e-01	5.44428161e+19
1.41599884e+00	1.29721849e-01	5.44763650e+19
1.41599884e+00	1.34273493e-01	5.44773216e+19
1.41599884e+00	1.38825137e-01	5.44541885e+19
1.41599884e+00	1.43376781e-01	5.44073688e+19
1.42055048e+00	-1.43376781e-01	6.03037222e+19
1.42055048e+00	-1.38825137e-01	6.03201230e+19
1.42055048e+00	-1.34273493e-01	6.03315668e+19
1.42055048e+00	-1.29721849e-01	6.03388810e+19
1.42055048e+00	-1.25170206e-01	6.03485078e+19
1.42055048e+00	-1.20618562e-01	6.03602291e+19
1.42055048e+00	-1.16066918e-01	6.03652766e+19
1.42055048e+00	-1.11515274e-01	6.03673407e+19
1.42055048e+00	-1.06963630e-01	6.03683947e+19
1.42055048e+00	-1.02411986e-01	6.03724797e+19
1.42055048e+00	-9.78603425e-02	6.03789962e+19
1.42055048e+00	-9.33086987e-02	6.03931519e+19
1.42055048e+00	-8.87570548e-02	6.03879177e+19
1.42055048e+00	-8.42054110e-02	6.03723242e+19
1.42055048e+00	-7.96537672e-02	6.03520247e+19
1.42055048e+00	-7.51021233e-02	6.03314868e+19
1.42055048e+00	-7.05504795e-02	6.03148720e+19
1.42055048e+00	-6.59988356e-02	6.03035496e+19
1.42055048e+00	-6.14471918e-02	6.03029115e+19
1.42055048e+00	-5.68955480e-02	6.03102006e+19
1.42055048e+00	-5.23439041e-02	6.03186743e+19
1.42055048e+00	-4.77922603e-02	6.03223077e+19
1.42055048e+00	-4.32406165e-02	6.03088429e+19
1.42055048e+00	-3.86889726e-02	6.02796234e+19
1.42055048e+00	-3.41373288e-02	6.02416920e+19
1.42055048e+00	-2.95856849e-02	6.01992265e+19
1.42055048e+00	-2.50340411e-02	6.01591930e+19
1.42055048e+00	-2.04823973e-02	6.01226825e+19
1.42055048e+00	-1.59307534e-02	6.01087509e+19
1.42055048e+00	-1.13791096e-02	6.01170990e+19
1.42055048e+00	-6.82746576e-03	6.01039956e+19
1.42055048e+00	-2.27582192e-03	6.00675816e+19
1.42055048e+00	2.27582192e-03	6.00297793e+19
1.42055048e+00	6.82746576e-03	5.99891731e+19
1.42055048e+00	1.13791096e-02	5.99616270e+19
1.42055048e+00	1.59307534e-02	5.99454796e+19
1.42055048e+00	2.04823973e-02	5.99371271e+19
1.42055048e+00	2.50340411e-02	5.99339668e+19
1.42055048e+00	2.95856849e-02	5.99320190e+19
1.42055048e+00	3.41373288e-02	5.99280293e+19
1.42055048e+00	3.86889726e-02	5.99277750e+19
1.42055048e+00	4.32406165e-02	5.99235882e+19
1.42055048e+00	4.77922603e-02	5.99255759e+19
1.42055048e+00	5.23439041e-02	5.99292402e+19
1.42055048e+00	5.68955480e-02	5.99438249e+19
1.42055048e+00	6.14471918e-02	5.99662316e+19
1.42055048e+00	6.59988356e-02	5.99889662e+19
1.42055048e+00	7.05504795e-02	6.00095192e+19
1.42055048e+00	7.51021233e-02	6.00352496e+19
1.42055048e+00	7.96537672e-02	6.00602533e+19
1.42055048e+00	8.42054110e-02	6.00852502e+19
1.42055048e+00	8.87570548e-02	6.01076517e+19
1.42055048e+00	9.33086987e-02	6.01369851e+19
1.42055048e+00	9.78603425e-02	6.01754370e+19
1.42055048e+00	1.02411986e-01	6.02009970e+19
1.42055048e+00	1.06963630e-01	6.02061473e+19
1.42055048e+00	1.11515274e-01	6.02053749e+19
1.42055048e+00	1.16066918e-01	6.01983903e+19
1.42055048e+00	1.20618562e-01	6.02116023e+19
1.42055048e+00	1.25170206e-01	6.02480927e+19
1.42055048e+00	1.29721849e-01	6.02742262e+19
1.42055048e+00	1.34273493e-01	6.02904897e+19
1.42055048e+00	1.38825137e-01	6.02992263e+19
1.42055048e+00	1.43376781e-01	6.02976720e+19
